index,position_x,position_y,position_z,Caten-length_walltowall,Bulbcablelength(M),CatenToFloor,LineID,cat_sagcenter_pt_x,cat_sagcenter_pt_y,cat_sagcenter_pt_z,cat_endpoint1_x,cat_endpoint1_y,cat_endpoint1_z,cat_endpoint2_x,cat_endpoint2_y,cat_endpoint2_z,AmI_Yaxis_indicator,AmI_Xaxis_indicator,AmI_0axis_Indicator,AmI_Zaxis_indicator
0,-0.014,0.066,6.221,11.472,2.731,-6.221,0,-1.077,5.069,4.693,0.042,-0.197,6.395,-2.197,10.336,6.395,False,False,False,False
1,-0.070,0.329,6.047,11.472,2.196,-6.047,0,-1.077,5.069,4.693,0.042,-0.197,6.395,-2.197,10.336,6.395,False,False,False,False
2,-0.127,0.600,5.887,11.472,1.665,-5.887,0,-1.077,5.069,4.693,0.042,-0.197,6.395,-2.197,10.336,6.395,False,False,False,False
3,-0.186,0.875,5.736,11.472,1.177,-5.736,0,-1.077,5.069,4.693,0.042,-0.197,6.395,-2.197,10.336,6.395,False,False,False,False
4,-0.245,1.154,5.590,11.472,0.878,-5.590,0,-1.077,5.069,4.693,0.042,-0.197,6.395,-2.197,10.336,6.395,False,False,False,False
5,-0.306,1.441,5.463,11.472,0.758,-5.463,0,-1.077,5.069,4.693,0.042,-0.197,6.395,-2.197,10.336,6.395,False,False,False,False
6,-0.367,1.728,5.335,11.472,0.789,-5.335,0,-1.077,5.069,4.693,0.042,-0.197,6.395,-2.197,10.336,6.395,False,False,False,False
7,-0.430,2.023,5.228,11.472,0.940,-5.228,0,-1.077,5.069,4.693,0.042,-0.197,6.395,-2.197,10.336,6.395,False,False,False,False
8,-0.493,2.319,5.125,11.472,1.217,-5.125,0,-1.077,5.069,4.693,0.042,-0.197,6.395,-2.197,10.336,6.395,False,False,False,False
9,-0.557,2.619,5.033,11.472,1.611,-5.033,0,-1.077,5.069,4.693,0.042,-0.197,6.395,-2.197,10.336,6.395,False,False,False,False
10,-0.621,2.922,4.955,11.472,1.877,-4.955,0,-1.077,5.069,4.693,0.042,-0.197,6.395,-2.197,10.336,6.395,False,False,False,False
11,-0.686,3.226,4.878,11.472,1.841,-4.878,0,-1.077,5.069,4.693,0.042,-0.197,6.395,-2.197,10.336,6.395,False,False,False,False
12,-0.751,3.535,4.826,11.472,1.686,-4.826,0,-1.077,5.069,4.693,0.042,-0.197,6.395,-2.197,10.336,6.395,False,False,False,False
13,-0.817,3.844,4.774,11.472,1.428,-4.774,0,-1.077,5.069,4.693,0.042,-0.197,6.395,-2.197,10.336,6.395,False,False,False,False
14,-0.883,4.155,4.739,11.472,1.147,-4.739,0,-1.077,5.069,4.693,0.042,-0.197,6.395,-2.197,10.336,6.395,False,False,False,False
15,-0.949,4.467,4.713,11.472,0.989,-4.713,0,-1.077,5.069,4.693,0.042,-0.197,6.395,-2.197,10.336,6.395,False,False,False,False
16,-1.016,4.779,4.693,11.472,0.895,-4.693,0,-1.077,5.069,4.693,0.042,-0.197,6.395,-2.197,10.336,6.395,False,False,False,False
17,-1.082,5.093,4.693,11.472,0.733,-4.693,0,-1.077,5.069,4.693,0.042,-0.197,6.395,-2.197,10.336,6.395,False,False,False,False
18,-1.149,5.406,4.693,11.472,0.501,-4.693,0,-1.077,5.069,4.693,0.042,-0.197,6.395,-2.197,10.336,6.395,False,False,False,False
19,-1.215,5.718,4.717,11.472,0.303,-4.717,0,-1.077,5.069,4.693,0.042,-0.197,6.395,-2.197,10.336,6.395,False,False,False,False
20,-1.282,6.030,4.743,11.472,0.157,-4.743,0,-1.077,5.069,4.693,0.042,-0.197,6.395,-2.197,10.336,6.395,False,False,False,False
21,-1.348,6.341,4.782,11.472,0.103,-4.782,0,-1.077,5.069,4.693,0.042,-0.197,6.395,-2.197,10.336,6.395,False,False,False,False
22,-1.413,6.650,4.834,11.472,0.123,-4.834,0,-1.077,5.069,4.693,0.042,-0.197,6.395,-2.197,10.336,6.395,False,False,False,False
23,-1.479,6.958,4.889,11.472,0.194,-4.889,0,-1.077,5.069,4.693,0.042,-0.197,6.395,-2.197,10.336,6.395,False,False,False,False
24,-1.544,7.262,4.967,11.472,0.341,-4.967,0,-1.077,5.069,4.693,0.042,-0.197,6.395,-2.197,10.336,6.395,False,False,False,False
25,-1.608,7.566,5.045,11.472,0.528,-5.045,0,-1.077,5.069,4.693,0.042,-0.197,6.395,-2.197,10.336,6.395,False,False,False,False
26,-1.672,7.864,5.140,11.472,0.774,-5.140,0,-1.077,5.069,4.693,0.042,-0.197,6.395,-2.197,10.336,6.395,False,False,False,False
27,-1.735,8.160,5.243,11.472,1.063,-5.243,0,-1.077,5.069,4.693,0.042,-0.197,6.395,-2.197,10.336,6.395,False,False,False,False
28,-1.797,8.454,5.354,11.472,1.388,-5.354,0,-1.077,5.069,4.693,0.042,-0.197,6.395,-2.197,10.336,6.395,False,False,False,False
29,-1.858,8.741,5.482,11.472,1.745,-5.482,0,-1.077,5.069,4.693,0.042,-0.197,6.395,-2.197,10.336,6.395,False,False,False,False
30,-1.919,9.029,5.610,11.472,2.098,-5.610,0,-1.077,5.069,4.693,0.042,-0.197,6.395,-2.197,10.336,6.395,False,False,False,False
31,-1.978,9.305,5.759,11.472,2.451,-5.759,0,-1.077,5.069,4.693,0.042,-0.197,6.395,-2.197,10.336,6.395,False,False,False,False
32,-2.037,9.581,5.910,11.472,2.789,-5.910,0,-1.077,5.069,4.693,0.042,-0.197,6.395,-2.197,10.336,6.395,False,False,False,False
33,-2.094,9.850,6.073,11.472,3.115,-6.073,0,-1.077,5.069,4.693,0.042,-0.197,6.395,-2.197,10.336,6.395,False,False,False,False
34,0.412,0.224,6.135,11.512,2.520,-6.135,1,-0.627,5.116,4.693,0.496,-0.171,6.395,-1.751,10.404,6.395,False,False,False,False
35,0.356,0.489,5.964,11.512,2.054,-5.964,1,-0.627,5.116,4.693,0.496,-0.171,6.395,-1.751,10.404,6.395,False,False,False,False
36,0.297,0.765,5.814,11.512,1.633,-5.814,1,-0.627,5.116,4.693,0.496,-0.171,6.395,-1.751,10.404,6.395,False,False,False,False
37,0.239,1.041,5.663,11.512,1.230,-5.663,1,-0.627,5.116,4.693,0.496,-0.171,6.395,-1.751,10.404,6.395,False,False,False,False
38,0.178,1.325,5.529,11.512,1.089,-5.529,1,-0.627,5.116,4.693,0.496,-0.171,6.395,-1.751,10.404,6.395,False,False,False,False
39,0.117,1.612,5.402,11.512,1.118,-5.402,1,-0.627,5.116,4.693,0.496,-0.171,6.395,-1.751,10.404,6.395,False,False,False,False
40,0.056,1.903,5.282,11.512,1.242,-5.282,1,-0.627,5.116,4.693,0.496,-0.171,6.395,-1.751,10.404,6.395,False,False,False,False
41,-0.007,2.199,5.180,11.512,1.414,-5.180,1,-0.627,5.116,4.693,0.496,-0.171,6.395,-1.751,10.404,6.395,False,False,False,False
42,-0.070,2.495,5.077,11.512,1.735,-5.077,1,-0.627,5.116,4.693,0.496,-0.171,6.395,-1.751,10.404,6.395,False,False,False,False
43,-0.135,2.798,4.997,11.512,1.953,-4.997,1,-0.627,5.116,4.693,0.496,-0.171,6.395,-1.751,10.404,6.395,False,False,False,False
44,-0.199,3.102,4.919,11.512,2.035,-4.919,1,-0.627,5.116,4.693,0.496,-0.171,6.395,-1.751,10.404,6.395,False,False,False,False
45,-0.264,3.409,4.855,11.512,1.945,-4.855,1,-0.627,5.116,4.693,0.496,-0.171,6.395,-1.751,10.404,6.395,False,False,False,False
46,-0.330,3.717,4.803,11.512,1.735,-4.803,1,-0.627,5.116,4.693,0.496,-0.171,6.395,-1.751,10.404,6.395,False,False,False,False
47,-0.396,4.026,4.753,11.512,1.399,-4.753,1,-0.627,5.116,4.693,0.496,-0.171,6.395,-1.751,10.404,6.395,False,False,False,False
48,-0.462,4.339,4.727,11.512,1.151,-4.727,1,-0.627,5.116,4.693,0.496,-0.171,6.395,-1.751,10.404,6.395,False,False,False,False
49,-0.528,4.651,4.701,11.512,0.992,-4.701,1,-0.627,5.116,4.693,0.496,-0.171,6.395,-1.751,10.404,6.395,False,False,False,False
50,-0.595,4.964,4.693,11.512,0.902,-4.693,1,-0.627,5.116,4.693,0.496,-0.171,6.395,-1.751,10.404,6.395,False,False,False,False
51,-0.662,5.277,4.693,11.512,0.712,-4.693,1,-0.627,5.116,4.693,0.496,-0.171,6.395,-1.751,10.404,6.395,False,False,False,False
52,-0.728,5.590,4.702,11.512,0.452,-4.702,1,-0.627,5.116,4.693,0.496,-0.171,6.395,-1.751,10.404,6.395,False,False,False,False
53,-0.794,5.902,4.728,11.512,0.260,-4.728,1,-0.627,5.116,4.693,0.496,-0.171,6.395,-1.751,10.404,6.395,False,False,False,False
54,-0.861,6.214,4.754,11.512,0.122,-4.754,1,-0.627,5.116,4.693,0.496,-0.171,6.395,-1.751,10.404,6.395,False,False,False,False
55,-0.926,6.523,4.804,11.512,0.080,-4.804,1,-0.627,5.116,4.693,0.496,-0.171,6.395,-1.751,10.404,6.395,False,False,False,False
56,-0.992,6.832,4.856,11.512,0.111,-4.856,1,-0.627,5.116,4.693,0.496,-0.171,6.395,-1.751,10.404,6.395,False,False,False,False
57,-1.057,7.139,4.921,11.512,0.217,-4.921,1,-0.627,5.116,4.693,0.496,-0.171,6.395,-1.751,10.404,6.395,False,False,False,False
58,-1.122,7.442,4.999,11.512,0.355,-4.999,1,-0.627,5.116,4.693,0.496,-0.171,6.395,-1.751,10.404,6.395,False,False,False,False
59,-1.186,7.745,5.079,11.512,0.527,-5.079,1,-0.627,5.116,4.693,0.496,-0.171,6.395,-1.751,10.404,6.395,False,False,False,False
60,-1.249,8.042,5.182,11.512,0.779,-5.182,1,-0.627,5.116,4.693,0.496,-0.171,6.395,-1.751,10.404,6.395,False,False,False,False
61,-1.312,8.338,5.285,11.512,1.079,-5.285,1,-0.627,5.116,4.693,0.496,-0.171,6.395,-1.751,10.404,6.395,False,False,False,False
62,-1.374,8.628,5.405,11.512,1.416,-5.405,1,-0.627,5.116,4.693,0.496,-0.171,6.395,-1.751,10.404,6.395,False,False,False,False
63,-1.435,8.916,5.532,11.512,1.779,-5.532,1,-0.627,5.116,4.693,0.496,-0.171,6.395,-1.751,10.404,6.395,False,False,False,False
64,-1.496,9.200,5.667,11.512,2.158,-5.667,1,-0.627,5.116,4.693,0.496,-0.171,6.395,-1.751,10.404,6.395,False,False,False,False
65,-1.554,9.476,5.817,11.512,2.494,-5.817,1,-0.627,5.116,4.693,0.496,-0.171,6.395,-1.751,10.404,6.395,False,False,False,False
66,-1.613,9.752,5.968,11.512,2.850,-5.968,1,-0.627,5.116,4.693,0.496,-0.171,6.395,-1.751,10.404,6.395,False,False,False,False
67,-1.669,10.016,6.139,11.512,3.227,-6.139,1,-0.627,5.116,4.693,0.496,-0.171,6.395,-1.751,10.404,6.395,False,False,False,False
68,0.895,0.120,6.222,11.553,2.679,-6.222,2,-0.178,5.165,4.693,0.951,-0.144,6.395,-1.306,10.475,6.395,False,False,False,False
69,0.839,0.383,6.050,11.553,2.319,-6.050,2,-0.178,5.165,4.693,0.951,-0.144,6.395,-1.306,10.475,6.395,False,False,False,False
70,0.781,0.655,5.890,11.553,1.948,-5.890,2,-0.178,5.165,4.693,0.951,-0.144,6.395,-1.306,10.475,6.395,False,False,False,False
71,0.722,0.931,5.740,11.553,1.603,-5.740,2,-0.178,5.165,4.693,0.951,-0.144,6.395,-1.306,10.475,6.395,False,False,False,False
72,0.663,1.210,5.595,11.553,1.398,-5.595,2,-0.178,5.165,4.693,0.951,-0.144,6.395,-1.306,10.475,6.395,False,False,False,False
73,0.602,1.497,5.468,11.553,1.324,-5.468,2,-0.178,5.165,4.693,0.951,-0.144,6.395,-1.306,10.475,6.395,False,False,False,False
74,0.541,1.785,5.342,11.553,1.399,-5.342,2,-0.178,5.165,4.693,0.951,-0.144,6.395,-1.306,10.475,6.395,False,False,False,False
75,0.478,2.079,5.234,11.553,1.622,-5.234,2,-0.178,5.165,4.693,0.951,-0.144,6.395,-1.306,10.475,6.395,False,False,False,False
76,0.415,2.376,5.132,11.553,1.861,-5.132,2,-0.178,5.165,4.693,0.951,-0.144,6.395,-1.306,10.475,6.395,False,False,False,False
77,0.352,2.675,5.038,11.553,2.068,-5.038,2,-0.178,5.165,4.693,0.951,-0.144,6.395,-1.306,10.475,6.395,False,False,False,False
78,0.287,2.979,4.961,11.553,2.180,-4.961,2,-0.178,5.165,4.693,0.951,-0.144,6.395,-1.306,10.475,6.395,False,False,False,False
79,0.222,3.283,4.884,11.553,2.104,-4.884,2,-0.178,5.165,4.693,0.951,-0.144,6.395,-1.306,10.475,6.395,False,False,False,False
80,0.157,3.591,4.831,11.553,1.938,-4.831,2,-0.178,5.165,4.693,0.951,-0.144,6.395,-1.306,10.475,6.395,False,False,False,False
81,0.091,3.900,4.779,11.553,1.678,-4.779,2,-0.178,5.165,4.693,0.951,-0.144,6.395,-1.306,10.475,6.395,False,False,False,False
82,0.025,4.211,4.742,11.553,1.379,-4.742,2,-0.178,5.165,4.693,0.951,-0.144,6.395,-1.306,10.475,6.395,False,False,False,False
83,-0.041,4.523,4.716,11.553,1.153,-4.716,2,-0.178,5.165,4.693,0.951,-0.144,6.395,-1.306,10.475,6.395,False,False,False,False
84,-0.108,4.835,4.693,11.553,1.024,-4.693,2,-0.178,5.165,4.693,0.951,-0.144,6.395,-1.306,10.475,6.395,False,False,False,False
85,-0.174,5.148,4.693,11.553,0.921,-4.693,2,-0.178,5.165,4.693,0.951,-0.144,6.395,-1.306,10.475,6.395,False,False,False,False
86,-0.241,5.462,4.693,11.553,0.735,-4.693,2,-0.178,5.165,4.693,0.951,-0.144,6.395,-1.306,10.475,6.395,False,False,False,False
87,-0.307,5.774,4.713,11.553,0.487,-4.713,2,-0.178,5.165,4.693,0.951,-0.144,6.395,-1.306,10.475,6.395,False,False,False,False
88,-0.374,6.086,4.739,11.553,0.282,-4.739,2,-0.178,5.165,4.693,0.951,-0.144,6.395,-1.306,10.475,6.395,False,False,False,False
89,-0.440,6.397,4.773,11.553,0.122,-4.773,2,-0.178,5.165,4.693,0.951,-0.144,6.395,-1.306,10.475,6.395,False,False,False,False
90,-0.505,6.706,4.825,11.553,0.046,-4.825,2,-0.178,5.165,4.693,0.951,-0.144,6.395,-1.306,10.475,6.395,False,False,False,False
91,-0.571,7.015,4.877,11.553,0.064,-4.877,2,-0.178,5.165,4.693,0.951,-0.144,6.395,-1.306,10.475,6.395,False,False,False,False
92,-0.636,7.320,4.953,11.553,0.152,-4.953,2,-0.178,5.165,4.693,0.951,-0.144,6.395,-1.306,10.475,6.395,False,False,False,False
93,-0.700,7.624,5.030,11.553,0.234,-5.030,2,-0.178,5.165,4.693,0.951,-0.144,6.395,-1.306,10.475,6.395,False,False,False,False
94,-0.764,7.924,5.121,11.553,0.407,-5.121,2,-0.178,5.165,4.693,0.951,-0.144,6.395,-1.306,10.475,6.395,False,False,False,False
95,-0.827,8.220,5.223,11.553,0.663,-5.223,2,-0.178,5.165,4.693,0.951,-0.144,6.395,-1.306,10.475,6.395,False,False,False,False
96,-0.890,8.515,5.328,11.553,0.950,-5.328,2,-0.178,5.165,4.693,0.951,-0.144,6.395,-1.306,10.475,6.395,False,False,False,False
97,-0.951,8.804,5.455,11.553,1.274,-5.455,2,-0.178,5.165,4.693,0.951,-0.144,6.395,-1.306,10.475,6.395,False,False,False,False
98,-1.012,9.092,5.581,11.553,1.608,-5.581,2,-0.178,5.165,4.693,0.951,-0.144,6.395,-1.306,10.475,6.395,False,False,False,False
99,-1.072,9.371,5.725,11.553,1.969,-5.725,2,-0.178,5.165,4.693,0.951,-0.144,6.395,-1.306,10.475,6.395,False,False,False,False
100,-1.131,9.648,5.875,11.553,2.362,-5.875,2,-0.178,5.165,4.693,0.951,-0.144,6.395,-1.306,10.475,6.395,False,False,False,False
101,-1.189,9.920,6.032,11.553,2.772,-6.032,2,-0.178,5.165,4.693,0.951,-0.144,6.395,-1.306,10.475,6.395,False,False,False,False
102,-1.245,10.184,6.204,11.553,3.083,-6.204,2,-0.178,5.165,4.693,0.951,-0.144,6.395,-1.306,10.475,6.395,False,False,False,False
103,1.254,0.595,6.130,11.295,2.234,-6.130,3,0.237,5.376,4.693,1.337,0.203,6.395,-0.862,10.547,6.395,False,False,False,False
104,1.198,0.858,5.957,11.295,1.920,-5.957,3,0.237,5.376,4.693,1.337,0.203,6.395,-0.862,10.547,6.395,False,False,False,False
105,1.139,1.133,5.804,11.295,1.707,-5.804,3,0.237,5.376,4.693,1.337,0.203,6.395,-0.862,10.547,6.395,False,False,False,False
106,1.081,1.407,5.650,11.295,1.605,-5.650,3,0.237,5.376,4.693,1.337,0.203,6.395,-0.862,10.547,6.395,False,False,False,False
107,1.021,1.691,5.516,11.295,1.699,-5.516,3,0.237,5.376,4.693,1.337,0.203,6.395,-0.862,10.547,6.395,False,False,False,False
108,0.960,1.977,5.386,11.295,1.838,-5.386,3,0.237,5.376,4.693,1.337,0.203,6.395,-0.862,10.547,6.395,False,False,False,False
109,0.898,2.268,5.268,11.295,2.011,-5.268,3,0.237,5.376,4.693,1.337,0.203,6.395,-0.862,10.547,6.395,False,False,False,False
110,0.835,2.564,5.163,11.295,2.211,-5.163,3,0.237,5.376,4.693,1.337,0.203,6.395,-0.862,10.547,6.395,False,False,False,False
111,0.772,2.860,5.060,11.295,2.251,-5.060,3,0.237,5.376,4.693,1.337,0.203,6.395,-0.862,10.547,6.395,False,False,False,False
112,0.708,3.163,4.981,11.295,2.222,-4.981,3,0.237,5.376,4.693,1.337,0.203,6.395,-0.862,10.547,6.395,False,False,False,False
113,0.643,3.467,4.902,11.295,2.092,-4.902,3,0.237,5.376,4.693,1.337,0.203,6.395,-0.862,10.547,6.395,False,False,False,False
114,0.578,3.774,4.842,11.295,1.886,-4.842,3,0.237,5.376,4.693,1.337,0.203,6.395,-0.862,10.547,6.395,False,False,False,False
115,0.512,4.082,4.789,11.295,1.623,-4.789,3,0.237,5.376,4.693,1.337,0.203,6.395,-0.862,10.547,6.395,False,False,False,False
116,0.447,4.392,4.746,11.295,1.385,-4.746,3,0.237,5.376,4.693,1.337,0.203,6.395,-0.862,10.547,6.395,False,False,False,False
117,0.380,4.704,4.719,11.295,1.156,-4.719,3,0.237,5.376,4.693,1.337,0.203,6.395,-0.862,10.547,6.395,False,False,False,False
118,0.314,5.016,4.693,11.295,0.976,-4.693,3,0.237,5.376,4.693,1.337,0.203,6.395,-0.862,10.547,6.395,False,False,False,False
119,0.247,5.329,4.693,11.295,0.860,-4.693,3,0.237,5.376,4.693,1.337,0.203,6.395,-0.862,10.547,6.395,False,False,False,False
120,0.181,5.643,4.693,11.295,0.696,-4.693,3,0.237,5.376,4.693,1.337,0.203,6.395,-0.862,10.547,6.395,False,False,False,False
121,0.114,5.955,4.712,11.295,0.560,-4.712,3,0.237,5.376,4.693,1.337,0.203,6.395,-0.862,10.547,6.395,False,False,False,False
122,0.048,6.267,4.738,11.295,0.386,-4.738,3,0.237,5.376,4.693,1.337,0.203,6.395,-0.862,10.547,6.395,False,False,False,False
123,-0.018,6.578,4.773,11.295,0.207,-4.773,3,0.237,5.376,4.693,1.337,0.203,6.395,-0.862,10.547,6.395,False,False,False,False
124,-0.084,6.887,4.827,11.295,0.099,-4.827,3,0.237,5.376,4.693,1.337,0.203,6.395,-0.862,10.547,6.395,False,False,False,False
125,-0.149,7.196,4.880,11.295,0.115,-4.880,3,0.237,5.376,4.693,1.337,0.203,6.395,-0.862,10.547,6.395,False,False,False,False
126,-0.214,7.499,4.958,11.295,0.238,-4.958,3,0.237,5.376,4.693,1.337,0.203,6.395,-0.862,10.547,6.395,False,False,False,False
127,-0.278,7.803,5.038,11.295,0.319,-5.038,3,0.237,5.376,4.693,1.337,0.203,6.395,-0.862,10.547,6.395,False,False,False,False
128,-0.342,8.102,5.133,11.295,0.480,-5.133,3,0.237,5.376,4.693,1.337,0.203,6.395,-0.862,10.547,6.395,False,False,False,False
129,-0.405,8.397,5.237,11.295,0.701,-5.237,3,0.237,5.376,4.693,1.337,0.203,6.395,-0.862,10.547,6.395,False,False,False,False
130,-0.467,8.690,5.349,11.295,0.912,-5.349,3,0.237,5.376,4.693,1.337,0.203,6.395,-0.862,10.547,6.395,False,False,False,False
131,-0.528,8.976,5.478,11.295,1.172,-5.478,3,0.237,5.376,4.693,1.337,0.203,6.395,-0.862,10.547,6.395,False,False,False,False
132,-0.589,9.262,5.608,11.295,1.414,-5.608,3,0.237,5.376,4.693,1.337,0.203,6.395,-0.862,10.547,6.395,False,False,False,False
133,-0.647,9.538,5.759,11.295,1.709,-5.759,3,0.237,5.376,4.693,1.337,0.203,6.395,-0.862,10.547,6.395,False,False,False,False
134,-0.705,9.812,5.912,11.295,2.067,-5.912,3,0.237,5.376,4.693,1.337,0.203,6.395,-0.862,10.547,6.395,False,False,False,False
135,-0.762,10.079,6.078,11.295,2.450,-6.078,3,0.237,5.376,4.693,1.337,0.203,6.395,-0.862,10.547,6.395,False,False,False,False
136,1.527,1.472,6.051,10.396,2.044,-6.051,4,0.576,5.948,4.624,1.582,1.217,6.237,-0.417,10.621,6.395,False,False,False,False
137,1.473,1.727,5.866,10.396,2.125,-5.866,4,0.576,5.948,4.624,1.582,1.217,6.237,-0.417,10.621,6.395,False,False,False,False
138,1.416,1.995,5.701,10.396,2.276,-5.701,4,0.576,5.948,4.624,1.582,1.217,6.237,-0.417,10.621,6.395,False,False,False,False
139,1.359,2.265,5.540,10.396,2.410,-5.540,4,0.576,5.948,4.624,1.582,1.217,6.237,-0.417,10.621,6.395,False,False,False,False
140,1.299,2.544,5.396,10.396,2.524,-5.396,4,0.576,5.948,4.624,1.582,1.217,6.237,-0.417,10.621,6.395,False,False,False,False
141,1.239,2.828,5.261,10.396,2.503,-5.261,4,0.576,5.948,4.624,1.582,1.217,6.237,-0.417,10.621,6.395,False,False,False,False
142,1.178,3.117,5.139,10.396,2.413,-5.139,4,0.576,5.948,4.624,1.582,1.217,6.237,-0.417,10.621,6.395,False,False,False,False
143,1.115,3.411,5.030,10.396,2.263,-5.030,4,0.576,5.948,4.624,1.582,1.217,6.237,-0.417,10.621,6.395,False,False,False,False
144,1.052,3.709,4.931,10.396,2.036,-4.931,4,0.576,5.948,4.624,1.582,1.217,6.237,-0.417,10.621,6.395,False,False,False,False
145,0.988,4.012,4.850,10.396,1.709,-4.850,4,0.576,5.948,4.624,1.582,1.217,6.237,-0.417,10.621,6.395,False,False,False,False
146,0.923,4.316,4.774,10.396,1.366,-4.774,4,0.576,5.948,4.624,1.582,1.217,6.237,-0.417,10.621,6.395,False,False,False,False
147,0.857,4.625,4.722,10.396,1.059,-4.722,4,0.576,5.948,4.624,1.582,1.217,6.237,-0.417,10.621,6.395,False,False,False,False
148,0.792,4.934,4.669,10.396,0.819,-4.669,4,0.576,5.948,4.624,1.582,1.217,6.237,-0.417,10.621,6.395,False,False,False,False
149,0.725,5.246,4.645,10.396,0.675,-4.645,4,0.576,5.948,4.624,1.582,1.217,6.237,-0.417,10.621,6.395,False,False,False,False
150,0.659,5.559,4.622,10.396,0.597,-4.622,4,0.576,5.948,4.624,1.582,1.217,6.237,-0.417,10.621,6.395,False,False,False,False
151,0.592,5.871,4.622,10.396,0.530,-4.622,4,0.576,5.948,4.624,1.582,1.217,6.237,-0.417,10.621,6.395,False,False,False,False
152,0.526,6.184,4.628,10.396,0.431,-4.628,4,0.576,5.948,4.624,1.582,1.217,6.237,-0.417,10.621,6.395,False,False,False,False
153,0.460,6.496,4.653,10.396,0.296,-4.653,4,0.576,5.948,4.624,1.582,1.217,6.237,-0.417,10.621,6.395,False,False,False,False
154,0.393,6.807,4.687,10.396,0.112,-4.687,4,0.576,5.948,4.624,1.582,1.217,6.237,-0.417,10.621,6.395,False,False,False,False
155,0.328,7.116,4.736,10.396,0.218,-4.736,4,0.576,5.948,4.624,1.582,1.217,6.237,-0.417,10.621,6.395,False,False,False,False
156,0.263,7.423,4.798,10.396,0.374,-4.798,4,0.576,5.948,4.624,1.582,1.217,6.237,-0.417,10.621,6.395,False,False,False,False
157,0.198,7.727,4.871,10.396,0.541,-4.871,4,0.576,5.948,4.624,1.582,1.217,6.237,-0.417,10.621,6.395,False,False,False,False
158,0.134,8.027,4.962,10.396,0.672,-4.962,4,0.576,5.948,4.624,1.582,1.217,6.237,-0.417,10.621,6.395,False,False,False,False
159,0.071,8.325,5.058,10.396,0.760,-5.058,4,0.576,5.948,4.624,1.582,1.217,6.237,-0.417,10.621,6.395,False,False,False,False
160,0.009,8.616,5.176,10.396,0.871,-5.176,4,0.576,5.948,4.624,1.582,1.217,6.237,-0.417,10.621,6.395,False,False,False,False
161,-0.053,8.906,5.295,10.396,1.015,-5.295,4,0.576,5.948,4.624,1.582,1.217,6.237,-0.417,10.621,6.395,False,False,False,False
162,-0.112,9.185,5.439,10.396,1.202,-5.439,4,0.576,5.948,4.624,1.582,1.217,6.237,-0.417,10.621,6.395,False,False,False,False
163,-0.171,9.464,5.584,10.396,1.404,-5.584,4,0.576,5.948,4.624,1.582,1.217,6.237,-0.417,10.621,6.395,False,False,False,False
164,-0.228,9.731,5.750,10.396,1.702,-5.750,4,0.576,5.948,4.624,1.582,1.217,6.237,-0.417,10.621,6.395,False,False,False,False
165,-0.284,9.996,5.920,10.396,2.032,-5.920,4,0.576,5.948,4.624,1.582,1.217,6.237,-0.417,10.621,6.395,False,False,False,False
166,-0.338,10.250,6.106,10.396,2.333,-6.106,4,0.576,5.948,4.624,1.582,1.217,6.237,-0.417,10.621,6.395,False,False,False,False
167,1.853,2.103,5.417,9.993,2.041,-5.417,5,0.955,6.328,4.386,1.937,1.708,5.675,0.027,10.695,6.395,False,False,False,False
168,1.796,2.373,5.256,9.993,2.165,-5.256,5,0.955,6.328,4.386,1.937,1.708,5.675,0.027,10.695,6.395,False,False,False,False
169,1.737,2.652,5.109,9.993,2.237,-5.109,5,0.955,6.328,4.386,1.937,1.708,5.675,0.027,10.695,6.395,False,False,False,False
170,1.677,2.934,4.972,9.993,2.202,-4.972,5,0.955,6.328,4.386,1.937,1.708,5.675,0.027,10.695,6.395,False,False,False,False
171,1.615,3.224,4.852,9.993,2.098,-4.852,5,0.955,6.328,4.386,1.937,1.708,5.675,0.027,10.695,6.395,False,False,False,False
172,1.553,3.517,4.740,9.993,1.935,-4.740,5,0.955,6.328,4.386,1.937,1.708,5.675,0.027,10.695,6.395,False,False,False,False
173,1.489,3.817,4.648,9.993,1.711,-4.648,5,0.955,6.328,4.386,1.937,1.708,5.675,0.027,10.695,6.395,False,False,False,False
174,1.425,4.118,4.561,9.993,1.382,-4.561,5,0.955,6.328,4.386,1.937,1.708,5.675,0.027,10.695,6.395,False,False,False,False
175,1.360,4.425,4.498,9.993,1.009,-4.498,5,0.955,6.328,4.386,1.937,1.708,5.675,0.027,10.695,6.395,False,False,False,False
176,1.294,4.732,4.437,9.993,0.631,-4.437,5,0.955,6.328,4.386,1.937,1.708,5.675,0.027,10.695,6.395,False,False,False,False
177,1.228,5.044,4.403,9.993,0.361,-4.403,5,0.955,6.328,4.386,1.937,1.708,5.675,0.027,10.695,6.395,False,False,False,False
178,1.162,5.355,4.370,9.993,0.211,-4.370,5,0.955,6.328,4.386,1.937,1.708,5.675,0.027,10.695,6.395,False,False,False,False
179,1.095,5.668,4.365,9.993,0.176,-4.365,5,0.955,6.328,4.386,1.937,1.708,5.675,0.027,10.695,6.395,False,False,False,False
180,1.029,5.981,4.361,9.993,0.138,-4.361,5,0.955,6.328,4.386,1.937,1.708,5.675,0.027,10.695,6.395,False,False,False,False
181,0.963,6.293,4.383,9.993,0.070,-4.383,5,0.955,6.328,4.386,1.937,1.708,5.675,0.027,10.695,6.395,False,False,False,False
182,0.896,6.606,4.408,9.993,0.110,-4.408,5,0.955,6.328,4.386,1.937,1.708,5.675,0.027,10.695,6.395,False,False,False,False
183,0.831,6.915,4.458,9.993,0.372,-4.458,5,0.955,6.328,4.386,1.937,1.708,5.675,0.027,10.695,6.395,False,False,False,False
184,0.765,7.223,4.513,9.993,0.584,-4.513,5,0.955,6.328,4.386,1.937,1.708,5.675,0.027,10.695,6.395,False,False,False,False
185,0.700,7.527,4.589,9.993,0.768,-4.589,5,0.955,6.328,4.386,1.937,1.708,5.675,0.027,10.695,6.395,False,False,False,False
186,0.636,7.829,4.672,9.993,0.865,-4.672,5,0.955,6.328,4.386,1.937,1.708,5.675,0.027,10.695,6.395,False,False,False,False
187,0.573,8.125,4.774,9.993,0.979,-4.774,5,0.955,6.328,4.386,1.937,1.708,5.675,0.027,10.695,6.395,False,False,False,False
188,0.511,8.419,4.886,9.993,1.127,-4.886,5,0.955,6.328,4.386,1.937,1.708,5.675,0.027,10.695,6.395,False,False,False,False
189,0.450,8.706,5.013,9.993,1.306,-5.013,5,0.955,6.328,4.386,1.937,1.708,5.675,0.027,10.695,6.395,False,False,False,False
190,0.390,8.988,5.152,9.993,1.539,-5.152,5,0.955,6.328,4.386,1.937,1.708,5.675,0.027,10.695,6.395,False,False,False,False
191,0.331,9.263,5.304,9.993,1.868,-5.304,5,0.955,6.328,4.386,1.937,1.708,5.675,0.027,10.695,6.395,False,False,False,False
192,0.274,9.531,5.468,9.993,2.191,-5.468,5,0.955,6.328,4.386,1.937,1.708,5.675,0.027,10.695,6.395,False,False,False,False
193,0.219,9.793,5.643,9.993,2.478,-5.643,5,0.955,6.328,4.386,1.937,1.708,5.675,0.027,10.695,6.395,False,False,False,False
194,0.165,10.045,5.832,9.993,1.742,-5.832,5,0.955,6.328,4.386,1.937,1.708,5.675,0.027,10.695,6.395,False,False,False,False
195,0.113,10.291,6.029,9.993,1.937,-6.029,5,0.955,6.328,4.386,1.937,1.708,5.675,0.027,10.695,6.395,False,False,False,False
196,2.336,1.997,5.499,10.041,2.097,-5.499,6,1.405,6.379,4.384,2.392,1.733,5.670,0.471,10.771,6.395,False,False,False,False
197,2.278,2.271,5.322,10.041,2.104,-5.322,6,1.405,6.379,4.384,2.392,1.733,5.670,0.471,10.771,6.395,False,False,False,False
198,2.216,2.559,5.170,10.041,2.059,-5.170,6,1.405,6.379,4.384,2.392,1.733,5.670,0.471,10.771,6.395,False,False,False,False
199,2.155,2.847,5.019,10.041,1.935,-5.019,6,1.405,6.379,4.384,2.392,1.733,5.670,0.471,10.771,6.395,False,False,False,False
200,2.092,3.147,4.894,10.041,1.760,-4.894,6,1.405,6.379,4.384,2.392,1.733,5.670,0.471,10.771,6.395,False,False,False,False
201,2.028,3.447,4.771,10.041,1.457,-4.771,6,1.405,6.379,4.384,2.392,1.733,5.670,0.471,10.771,6.395,False,False,False,False
202,1.962,3.757,4.674,10.041,1.094,-4.674,6,1.405,6.379,4.384,2.392,1.733,5.670,0.471,10.771,6.395,False,False,False,False
203,1.896,4.067,4.579,10.041,0.689,-4.579,6,1.405,6.379,4.384,2.392,1.733,5.670,0.471,10.771,6.395,False,False,False,False
204,1.829,4.384,4.511,10.041,0.332,-4.511,6,1.405,6.379,4.384,2.392,1.733,5.670,0.471,10.771,6.395,False,False,False,False
205,1.761,4.701,4.446,10.041,0.092,-4.446,6,1.405,6.379,4.384,2.392,1.733,5.670,0.471,10.771,6.395,False,False,False,False
206,1.693,5.023,4.407,10.041,0.006,-4.407,6,1.405,6.379,4.384,2.392,1.733,5.670,0.471,10.771,6.395,False,False,False,False
207,1.624,5.345,4.372,10.041,0.057,-4.372,6,1.405,6.379,4.384,2.392,1.733,5.670,0.471,10.771,6.395,False,False,False,False
208,1.555,5.668,4.363,10.041,0.357,-4.363,6,1.405,6.379,4.384,2.392,1.733,5.670,0.471,10.771,6.395,False,False,False,False
209,1.487,5.992,4.358,10.041,0.642,-4.358,6,1.405,6.379,4.384,2.392,1.733,5.670,0.471,10.771,6.395,False,False,False,False
210,1.418,6.315,4.379,10.041,0.993,-4.379,6,1.405,6.379,4.384,2.392,1.733,5.670,0.471,10.771,6.395,False,False,False,False
211,1.349,6.638,4.404,10.041,1.264,-4.404,6,1.405,6.379,4.384,2.392,1.733,5.670,0.471,10.771,6.395,False,False,False,False
212,1.281,6.958,4.454,10.041,1.484,-4.454,6,1.405,6.379,4.384,2.392,1.733,5.670,0.471,10.771,6.395,False,False,False,False
213,1.214,7.277,4.510,10.041,1.574,-4.510,6,1.405,6.379,4.384,2.392,1.733,5.670,0.471,10.771,6.395,False,False,False,False
214,1.147,7.591,4.589,10.041,1.646,-4.589,6,1.405,6.379,4.384,2.392,1.733,5.670,0.471,10.771,6.395,False,False,False,False
215,1.080,7.903,4.675,10.041,1.817,-4.675,6,1.405,6.379,4.384,2.392,1.733,5.670,0.471,10.771,6.395,False,False,False,False
216,1.015,8.210,4.782,10.041,2.116,-4.782,6,1.405,6.379,4.384,2.392,1.733,5.670,0.471,10.771,6.395,False,False,False,False
217,0.951,8.514,4.897,10.041,2.460,-4.897,6,1.405,6.379,4.384,2.392,1.733,5.670,0.471,10.771,6.395,False,False,False,False
218,0.888,8.809,5.032,10.041,2.760,-5.032,6,1.405,6.379,4.384,2.392,1.733,5.670,0.471,10.771,6.395,False,False,False,False
219,0.826,9.101,5.175,10.041,1.445,-5.175,6,1.405,6.379,4.384,2.392,1.733,5.670,0.471,10.771,6.395,False,False,False,False
220,0.766,9.383,5.336,10.041,1.645,-5.336,6,1.405,6.379,4.384,2.392,1.733,5.670,0.471,10.771,6.395,False,False,False,False
221,0.707,9.661,5.505,10.041,1.780,-5.505,6,1.405,6.379,4.384,2.392,1.733,5.670,0.471,10.771,6.395,False,False,False,False
222,0.650,9.928,5.692,10.041,1.830,-5.692,6,1.405,6.379,4.384,2.392,1.733,5.670,0.471,10.771,6.395,False,False,False,False
223,0.594,10.190,5.887,10.041,1.815,-5.887,6,1.405,6.379,4.384,2.392,1.733,5.670,0.471,10.771,6.395,False,False,False,False
224,0.541,10.439,6.097,10.041,1.711,-6.097,6,1.405,6.379,4.384,2.392,1.733,5.670,0.471,10.771,6.395,False,False,False,False
225,2.760,2.164,5.410,10.082,1.503,-5.410,7,1.853,6.434,4.381,2.845,1.767,5.665,0.915,10.847,6.395,False,False,False,False
226,2.701,2.444,5.244,10.082,1.189,-5.244,7,1.853,6.434,4.381,2.845,1.767,5.665,0.915,10.847,6.395,False,False,False,False
227,2.639,2.733,5.094,10.082,0.821,-5.094,7,1.853,6.434,4.381,2.845,1.767,5.665,0.915,10.847,6.395,False,False,False,False
228,2.577,3.026,4.955,10.082,0.405,-4.955,7,1.853,6.434,4.381,2.845,1.767,5.665,0.915,10.847,6.395,False,False,False,False
229,2.513,3.327,4.833,10.082,0.076,-4.833,7,1.853,6.434,4.381,2.845,1.767,5.665,0.915,10.847,6.395,False,False,False,False
230,2.448,3.632,4.721,10.082,0.073,-4.721,7,1.853,6.434,4.381,2.845,1.767,5.665,0.915,10.847,6.395,False,False,False,False
231,2.382,3.942,4.627,10.082,0.391,-4.627,7,1.853,6.434,4.381,2.845,1.767,5.665,0.915,10.847,6.395,False,False,False,False
232,2.316,4.255,4.543,10.082,0.776,-4.543,7,1.853,6.434,4.381,2.845,1.767,5.665,0.915,10.847,6.395,False,False,False,False
233,2.248,4.573,4.478,10.082,1.276,-4.478,7,1.853,6.434,4.381,2.845,1.767,5.665,0.915,10.847,6.395,False,False,False,False
234,2.181,4.892,4.423,10.082,1.596,-4.423,7,1.853,6.434,4.381,2.845,1.767,5.665,0.915,10.847,6.395,False,False,False,False
235,2.112,5.214,4.389,10.082,1.787,-4.389,7,1.853,6.434,4.381,2.845,1.767,5.665,0.915,10.847,6.395,False,False,False,False
236,2.044,5.536,4.362,10.082,1.857,-4.362,7,1.853,6.434,4.381,2.845,1.767,5.665,0.915,10.847,6.395,False,False,False,False
237,1.975,5.860,4.358,10.082,1.845,-4.358,7,1.853,6.434,4.381,2.845,1.767,5.665,0.915,10.847,6.395,False,False,False,False
238,1.906,6.184,4.361,10.082,1.983,-4.361,7,1.853,6.434,4.381,2.845,1.767,5.665,0.915,10.847,6.395,False,False,False,False
239,1.837,6.507,4.387,10.082,2.244,-4.387,7,1.853,6.434,4.381,2.845,1.767,5.665,0.915,10.847,6.395,False,False,False,False
240,1.769,6.829,4.419,10.082,2.600,-4.419,7,1.853,6.434,4.381,2.845,1.767,5.665,0.915,10.847,6.395,False,False,False,False
241,1.701,7.148,4.475,10.082,2.902,-4.475,7,1.853,6.434,4.381,2.845,1.767,5.665,0.915,10.847,6.395,False,False,False,False
242,1.634,7.466,4.536,10.082,0.500,-4.536,7,1.853,6.434,4.381,2.845,1.767,5.665,0.915,10.847,6.395,False,False,False,False
243,1.567,7.778,4.622,10.082,0.464,-4.622,7,1.853,6.434,4.381,2.845,1.767,5.665,0.915,10.847,6.395,False,False,False,False
244,1.501,8.090,4.712,10.082,0.426,-4.712,7,1.853,6.434,4.381,2.845,1.767,5.665,0.915,10.847,6.395,False,False,False,False
245,1.436,8.394,4.826,10.082,0.371,-4.826,7,1.853,6.434,4.381,2.845,1.767,5.665,0.915,10.847,6.395,False,False,False,False
246,1.372,8.696,4.944,10.082,0.359,-4.944,7,1.853,6.434,4.381,2.845,1.767,5.665,0.915,10.847,6.395,False,False,False,False
247,1.310,8.989,5.086,10.082,0.384,-5.086,7,1.853,6.434,4.381,2.845,1.767,5.665,0.915,10.847,6.395,False,False,False,False
248,1.248,9.280,5.231,10.082,0.510,-5.231,7,1.853,6.434,4.381,2.845,1.767,5.665,0.915,10.847,6.395,False,False,False,False
249,1.189,9.558,5.400,10.082,0.689,-5.400,7,1.853,6.434,4.381,2.845,1.767,5.665,0.915,10.847,6.395,False,False,False,False
250,1.130,9.835,5.570,10.082,0.903,-5.570,7,1.853,6.434,4.381,2.845,1.767,5.665,0.915,10.847,6.395,False,False,False,False
251,1.074,10.097,5.764,10.082,1.045,-5.764,7,1.853,6.434,4.381,2.845,1.767,5.665,0.915,10.847,6.395,False,False,False,False
252,1.018,10.359,5.959,10.082,1.138,-5.959,7,1.853,6.434,4.381,2.845,1.767,5.665,0.915,10.847,6.395,False,False,False,False
253,0.967,10.603,6.177,10.082,1.145,-6.177,7,1.853,6.434,4.381,2.845,1.767,5.665,0.915,10.847,6.395,False,False,False,False
254,3.578,0.481,6.182,9.980,1.053,-6.182,8,2.701,4.607,4.385,3.628,0.247,6.395,1.721,9.219,5.672,False,False,False,False
255,3.527,0.724,5.963,9.980,0.836,-5.963,8,2.701,4.607,4.385,3.628,0.247,6.395,1.721,9.219,5.672,False,False,False,False
256,3.471,0.984,5.766,9.980,0.547,-5.766,8,2.701,4.607,4.385,3.628,0.247,6.395,1.721,9.219,5.672,False,False,False,False
257,3.416,1.245,5.570,9.980,0.213,-5.570,8,2.701,4.607,4.385,3.628,0.247,6.395,1.721,9.219,5.672,False,False,False,False
258,3.357,1.522,5.398,9.980,0.006,-5.398,8,2.701,4.607,4.385,3.628,0.247,6.395,1.721,9.219,5.672,False,False,False,False
259,3.298,1.799,5.228,9.980,0.092,-5.228,8,2.701,4.607,4.385,3.628,0.247,6.395,1.721,9.219,5.672,False,False,False,False
260,3.236,2.090,5.083,9.980,0.398,-5.083,8,2.701,4.607,4.385,3.628,0.247,6.395,1.721,9.219,5.672,False,False,False,False
261,3.174,2.382,4.939,9.980,0.801,-4.939,8,2.701,4.607,4.385,3.628,0.247,6.395,1.721,9.219,5.672,False,False,False,False
262,3.110,2.685,4.822,9.980,1.356,-4.822,8,2.701,4.607,4.385,3.628,0.247,6.395,1.721,9.219,5.672,False,False,False,False
263,3.045,2.988,4.707,9.980,1.769,-4.707,8,2.701,4.607,4.385,3.628,0.247,6.395,1.721,9.219,5.672,False,False,False,False
264,2.979,3.300,4.618,9.980,2.069,-4.618,8,2.701,4.607,4.385,3.628,0.247,6.395,1.721,9.219,5.672,False,False,False,False
265,2.913,3.613,4.532,9.980,0.271,-4.532,8,2.701,4.607,4.385,3.628,0.247,6.395,1.721,9.219,5.672,False,False,False,False
266,2.845,3.931,4.473,9.980,0.217,-4.473,8,2.701,4.607,4.385,3.628,0.247,6.395,1.721,9.219,5.672,False,False,False,False
267,2.777,4.250,4.417,9.980,0.172,-4.417,8,2.701,4.607,4.385,3.628,0.247,6.395,1.721,9.219,5.672,False,False,False,False
268,2.708,4.573,4.388,9.980,0.128,-4.388,8,2.701,4.607,4.385,3.628,0.247,6.395,1.721,9.219,5.672,False,False,False,False
269,2.640,4.896,4.362,9.980,0.109,-4.362,8,2.701,4.607,4.385,3.628,0.247,6.395,1.721,9.219,5.672,False,False,False,False
270,2.571,5.219,4.363,9.980,0.121,-4.363,8,2.701,4.607,4.385,3.628,0.247,6.395,1.721,9.219,5.672,False,False,False,False
271,2.502,5.543,4.367,9.980,0.186,-4.367,8,2.701,4.607,4.385,3.628,0.247,6.395,1.721,9.219,5.672,False,False,False,False
272,2.434,5.864,4.399,9.980,0.305,-4.399,8,2.701,4.607,4.385,3.628,0.247,6.395,1.721,9.219,5.672,False,False,False,False
273,2.366,6.186,4.434,9.980,0.442,-4.434,8,2.701,4.607,4.385,3.628,0.247,6.395,1.721,9.219,5.672,False,False,False,False
274,2.298,6.504,4.495,9.980,0.559,-4.495,8,2.701,4.607,4.385,3.628,0.247,6.395,1.721,9.219,5.672,False,False,False,False
275,2.231,6.821,4.560,9.980,0.647,-4.560,8,2.701,4.607,4.385,3.628,0.247,6.395,1.721,9.219,5.672,False,False,False,False
276,2.164,7.132,4.651,9.980,0.665,-4.651,8,2.701,4.607,4.385,3.628,0.247,6.395,1.721,9.219,5.672,False,False,False,False
277,2.098,7.443,4.746,9.980,0.571,-4.746,8,2.701,4.607,4.385,3.628,0.247,6.395,1.721,9.219,5.672,False,False,False,False
278,2.034,7.745,4.866,9.980,0.392,-4.866,8,2.701,4.607,4.385,3.628,0.247,6.395,1.721,9.219,5.672,False,False,False,False
279,1.970,8.045,4.990,9.980,0.206,-4.990,8,2.701,4.607,4.385,3.628,0.247,6.395,1.721,9.219,5.672,False,False,False,False
280,1.909,8.334,5.137,9.980,0.053,-5.137,8,2.701,4.607,4.385,3.628,0.247,6.395,1.721,9.219,5.672,False,False,False,False
281,1.848,8.621,5.288,9.980,0.128,-5.288,8,2.701,4.607,4.385,3.628,0.247,6.395,1.721,9.219,5.672,False,False,False,False
282,1.789,8.897,5.461,9.980,0.408,-5.461,8,2.701,4.607,4.385,3.628,0.247,6.395,1.721,9.219,5.672,False,False,False,False
283,3.991,0.703,6.075,9.920,0.759,-6.075,9,3.145,4.682,4.387,4.065,0.353,6.395,2.172,9.261,5.675,False,False,False,False
284,3.940,0.944,5.871,9.920,1.143,-5.871,9,3.145,4.682,4.387,4.065,0.353,6.395,2.172,9.261,5.675,False,False,False,False
285,3.886,1.196,5.681,9.920,1.507,-5.681,9,3.145,4.682,4.387,4.065,0.353,6.395,2.172,9.261,5.675,False,False,False,False
286,3.831,1.454,5.500,9.920,0.171,-5.500,9,3.145,4.682,4.387,4.065,0.353,6.395,2.172,9.261,5.675,False,False,False,False
287,3.775,1.722,5.334,9.920,0.094,-5.334,9,3.145,4.682,4.387,4.065,0.353,6.395,2.172,9.261,5.675,False,False,False,False
288,3.717,1.994,5.177,9.920,0.034,-5.177,9,3.145,4.682,4.387,4.065,0.353,6.395,2.172,9.261,5.675,False,False,False,False
289,3.657,2.275,5.037,9.920,0.007,-5.037,9,3.145,4.682,4.387,4.065,0.353,6.395,2.172,9.261,5.675,False,False,False,False
290,3.596,2.560,4.904,9.920,0.080,-4.904,9,3.145,4.682,4.387,4.065,0.353,6.395,2.172,9.261,5.675,False,False,False,False
291,3.534,2.853,4.792,9.920,0.173,-4.792,9,3.145,4.682,4.387,4.065,0.353,6.395,2.172,9.261,5.675,False,False,False,False
292,3.471,3.148,4.685,9.920,0.221,-4.685,9,3.145,4.682,4.387,4.065,0.353,6.395,2.172,9.261,5.675,False,False,False,False
293,3.407,3.450,4.601,9.920,0.176,-4.601,9,3.145,4.682,4.387,4.065,0.353,6.395,2.172,9.261,5.675,False,False,False,False
294,3.343,3.753,4.520,9.920,0.141,-4.520,9,3.145,4.682,4.387,4.065,0.353,6.395,2.172,9.261,5.675,False,False,False,False
295,3.277,4.061,4.466,9.920,0.054,-4.466,9,3.145,4.682,4.387,4.065,0.353,6.395,2.172,9.261,5.675,False,False,False,False
296,3.212,4.370,4.412,9.920,0.006,-4.412,9,3.145,4.682,4.387,4.065,0.353,6.395,2.172,9.261,5.675,False,False,False,False
297,3.145,4.682,4.387,9.920,0.040,-4.387,9,3.145,4.682,4.387,4.065,0.353,6.395,2.172,9.261,5.675,False,False,False,False
298,3.079,4.994,4.362,9.920,0.078,-4.362,9,3.145,4.682,4.387,4.065,0.353,6.395,2.172,9.261,5.675,False,False,False,False
299,3.013,5.307,4.365,9.920,0.080,-4.365,9,3.145,4.682,4.387,4.065,0.353,6.395,2.172,9.261,5.675,False,False,False,False
300,2.946,5.619,4.370,9.920,0.035,-4.370,9,3.145,4.682,4.387,4.065,0.353,6.395,2.172,9.261,5.675,False,False,False,False
301,2.880,5.930,4.401,9.920,0.113,-4.401,9,3.145,4.682,4.387,4.065,0.353,6.395,2.172,9.261,5.675,False,False,False,False
302,2.814,6.241,4.436,9.920,0.309,-4.436,9,3.145,4.682,4.387,4.065,0.353,6.395,2.172,9.261,5.675,False,False,False,False
303,2.749,6.548,4.494,9.920,0.555,-4.494,9,3.145,4.682,4.387,4.065,0.353,6.395,2.172,9.261,5.675,False,False,False,False
304,2.684,6.854,4.558,9.920,0.853,-4.558,9,3.145,4.682,4.387,4.065,0.353,6.395,2.172,9.261,5.675,False,False,False,False
305,2.619,7.156,4.644,9.920,0.170,-4.644,9,3.145,4.682,4.387,4.065,0.353,6.395,2.172,9.261,5.675,False,False,False,False
306,2.556,7.456,4.736,9.920,0.094,-4.736,9,3.145,4.682,4.387,4.065,0.353,6.395,2.172,9.261,5.675,False,False,False,False
307,2.493,7.749,4.849,9.920,0.041,-4.849,9,3.145,4.682,4.387,4.065,0.353,6.395,2.172,9.261,5.675,False,False,False,False
308,2.432,8.039,4.969,9.920,0.014,-4.969,9,3.145,4.682,4.387,4.065,0.353,6.395,2.172,9.261,5.675,False,False,False,False
309,2.372,8.320,5.107,9.920,0.059,-5.107,9,3.145,4.682,4.387,4.065,0.353,6.395,2.172,9.261,5.675,False,False,False,False
310,2.313,8.597,5.254,9.920,0.102,-5.254,9,3.145,4.682,4.387,4.065,0.353,6.395,2.172,9.261,5.675,False,False,False,False
311,2.256,8.866,5.416,9.920,0.119,-5.416,9,3.145,4.682,4.387,4.065,0.353,6.395,2.172,9.261,5.675,False,False,False,False
312,4.453,0.693,6.181,9.876,0.138,-6.181,10,3.588,4.766,4.389,4.503,0.460,6.395,2.619,9.321,5.679,False,False,False,False
313,4.404,0.926,5.966,9.876,0.149,-5.966,10,3.588,4.766,4.389,4.503,0.460,6.395,2.619,9.321,5.679,False,False,False,False
314,4.351,1.176,5.774,9.876,0.201,-5.774,10,3.588,4.766,4.389,4.503,0.460,6.395,2.619,9.321,5.679,False,False,False,False
315,4.297,1.427,5.583,9.876,0.287,-5.583,10,3.588,4.766,4.389,4.503,0.460,6.395,2.619,9.321,5.679,False,False,False,False
316,4.241,1.693,5.414,9.876,0.353,-5.414,10,3.588,4.766,4.389,4.503,0.460,6.395,2.619,9.321,5.679,False,False,False,False
317,4.184,1.960,5.248,9.876,0.371,-5.248,10,3.588,4.766,4.389,4.503,0.460,6.395,2.619,9.321,5.679,False,False,False,False
318,4.125,2.239,5.104,9.876,0.325,-5.104,10,3.588,4.766,4.389,4.503,0.460,6.395,2.619,9.321,5.679,False,False,False,False
319,4.065,2.521,4.964,9.876,0.244,-4.964,10,3.588,4.766,4.389,4.503,0.460,6.395,2.619,9.321,5.679,False,False,False,False
320,4.003,2.811,4.845,9.876,0.154,-4.845,10,3.588,4.766,4.389,4.503,0.460,6.395,2.619,9.321,5.679,False,False,False,False
321,3.941,3.104,4.732,9.876,0.092,-4.732,10,3.588,4.766,4.389,4.503,0.460,6.395,2.619,9.321,5.679,False,False,False,False
322,3.877,3.404,4.640,9.876,0.042,-4.640,10,3.588,4.766,4.389,4.503,0.460,6.395,2.619,9.321,5.679,False,False,False,False
323,3.813,3.706,4.556,9.876,0.043,-4.556,10,3.588,4.766,4.389,4.503,0.460,6.395,2.619,9.321,5.679,False,False,False,False
324,3.748,4.012,4.492,9.876,0.138,-4.492,10,3.588,4.766,4.389,4.503,0.460,6.395,2.619,9.321,5.679,False,False,False,False
325,3.682,4.320,4.437,9.876,0.315,-4.437,10,3.588,4.766,4.389,4.503,0.460,6.395,2.619,9.321,5.679,False,False,False,False
326,3.616,4.631,4.400,9.876,0.555,-4.400,10,3.588,4.766,4.389,4.503,0.460,6.395,2.619,9.321,5.679,False,False,False,False
327,3.550,4.943,4.374,9.876,0.862,-4.374,10,3.588,4.766,4.389,4.503,0.460,6.395,2.619,9.321,5.679,False,False,False,False
328,3.483,5.256,4.366,9.876,1.225,-4.366,10,3.588,4.766,4.389,4.503,0.460,6.395,2.619,9.321,5.679,False,False,False,False
329,3.417,5.568,4.370,9.876,1.587,-4.370,10,3.588,4.766,4.389,4.503,0.460,6.395,2.619,9.321,5.679,False,False,False,False
330,3.351,5.880,4.389,9.876,0.389,-4.389,10,3.588,4.766,4.389,4.503,0.460,6.395,2.619,9.321,5.679,False,False,False,False
331,3.285,6.190,4.424,9.876,0.265,-4.424,10,3.588,4.766,4.389,4.503,0.460,6.395,2.619,9.321,5.679,False,False,False,False
332,3.219,6.499,4.471,9.876,0.186,-4.471,10,3.588,4.766,4.389,4.503,0.460,6.395,2.619,9.321,5.679,False,False,False,False
333,3.154,6.806,4.535,9.876,0.116,-4.535,10,3.588,4.766,4.389,4.503,0.460,6.395,2.619,9.321,5.679,False,False,False,False
334,3.089,7.110,4.610,9.876,0.050,-4.610,10,3.588,4.766,4.389,4.503,0.460,6.395,2.619,9.321,5.679,False,False,False,False
335,3.026,7.409,4.703,9.876,0.019,-4.703,10,3.588,4.766,4.389,4.503,0.460,6.395,2.619,9.321,5.679,False,False,False,False
336,2.963,7.706,4.805,9.876,0.005,-4.805,10,3.588,4.766,4.389,4.503,0.460,6.395,2.619,9.321,5.679,False,False,False,False
337,2.901,7.995,4.926,9.876,0.005,-4.926,10,3.588,4.766,4.389,4.503,0.460,6.395,2.619,9.321,5.679,False,False,False,False
338,2.840,8.281,5.054,9.876,0.028,-5.054,10,3.588,4.766,4.389,4.503,0.460,6.395,2.619,9.321,5.679,False,False,False,False
339,2.781,8.558,5.202,9.876,0.066,-5.202,10,3.588,4.766,4.389,4.503,0.460,6.395,2.619,9.321,5.679,False,False,False,False
340,2.723,8.832,5.355,9.876,0.103,-5.355,10,3.588,4.766,4.389,4.503,0.460,6.395,2.619,9.321,5.679,False,False,False,False
341,4.860,0.945,6.108,10.683,0.123,-6.108,11,3.917,5.380,4.573,4.940,0.569,6.395,2.875,10.282,6.122,False,False,False,False
342,4.805,1.200,5.923,10.683,0.158,-5.923,11,3.917,5.380,4.573,4.940,0.569,6.395,2.875,10.282,6.122,False,False,False,False
343,4.749,1.466,5.754,10.683,0.202,-5.754,11,3.917,5.380,4.573,4.940,0.569,6.395,2.875,10.282,6.122,False,False,False,False
344,4.692,1.733,5.587,10.683,0.277,-5.587,11,3.917,5.380,4.573,4.940,0.569,6.395,2.875,10.282,6.122,False,False,False,False
345,4.633,2.013,5.444,10.683,0.373,-5.444,11,3.917,5.380,4.573,4.940,0.569,6.395,2.875,10.282,6.122,False,False,False,False
346,4.573,2.293,5.300,10.683,0.450,-5.300,11,3.917,5.380,4.573,4.940,0.569,6.395,2.875,10.282,6.122,False,False,False,False
347,4.512,2.582,5.177,10.683,0.478,-5.177,11,3.917,5.380,4.573,4.940,0.569,6.395,2.875,10.282,6.122,False,False,False,False
348,4.450,2.873,5.059,10.683,0.450,-5.059,11,3.917,5.380,4.573,4.940,0.569,6.395,2.875,10.282,6.122,False,False,False,False
349,4.387,3.169,4.957,10.683,0.423,-4.957,11,3.917,5.380,4.573,4.940,0.569,6.395,2.875,10.282,6.122,False,False,False,False
350,4.323,3.469,4.865,10.683,0.367,-4.865,11,3.917,5.380,4.573,4.940,0.569,6.395,2.875,10.282,6.122,False,False,False,False
351,4.259,3.771,4.784,10.683,0.346,-4.784,11,3.917,5.380,4.573,4.940,0.569,6.395,2.875,10.282,6.122,False,False,False,False
352,4.194,4.078,4.719,10.683,0.270,-4.719,11,3.917,5.380,4.573,4.940,0.569,6.395,2.875,10.282,6.122,False,False,False,False
353,4.129,4.385,4.659,10.683,0.162,-4.659,11,3.917,5.380,4.573,4.940,0.569,6.395,2.875,10.282,6.122,False,False,False,False
354,4.062,4.696,4.622,10.683,0.067,-4.622,11,3.917,5.380,4.573,4.940,0.569,6.395,2.875,10.282,6.122,False,False,False,False
355,3.996,5.007,4.585,10.683,0.015,-4.585,11,3.917,5.380,4.573,4.940,0.569,6.395,2.875,10.282,6.122,False,False,False,False
356,3.930,5.320,4.574,10.683,0.089,-4.574,11,3.917,5.380,4.573,4.940,0.569,6.395,2.875,10.282,6.122,False,False,False,False
357,3.863,5.633,4.565,10.683,0.268,-4.565,11,3.917,5.380,4.573,4.940,0.569,6.395,2.875,10.282,6.122,False,False,False,False
358,3.797,5.946,4.576,10.683,0.528,-4.576,11,3.917,5.380,4.573,4.940,0.569,6.395,2.875,10.282,6.122,False,False,False,False
359,3.730,6.258,4.595,10.683,0.859,-4.595,11,3.917,5.380,4.573,4.940,0.569,6.395,2.875,10.282,6.122,False,False,False,False
360,3.664,6.570,4.628,10.683,1.214,-4.628,11,3.917,5.380,4.573,4.940,0.569,6.395,2.875,10.282,6.122,False,False,False,False
361,3.598,6.880,4.675,10.683,1.587,-4.675,11,3.917,5.380,4.573,4.940,0.569,6.395,2.875,10.282,6.122,False,False,False,False
362,3.533,7.188,4.729,10.683,2.011,-4.729,11,3.917,5.380,4.573,4.940,0.569,6.395,2.875,10.282,6.122,False,False,False,False
363,3.468,7.493,4.804,10.683,2.424,-4.804,11,3.917,5.380,4.573,4.940,0.569,6.395,2.875,10.282,6.122,False,False,False,False
364,3.403,7.797,4.879,10.683,0.636,-4.879,11,3.917,5.380,4.573,4.940,0.569,6.395,2.875,10.282,6.122,False,False,False,False
365,3.340,8.094,4.981,10.683,0.452,-4.981,11,3.917,5.380,4.573,4.940,0.569,6.395,2.875,10.282,6.122,False,False,False,False
366,3.277,8.391,5.082,10.683,0.316,-5.082,11,3.917,5.380,4.573,4.940,0.569,6.395,2.875,10.282,6.122,False,False,False,False
367,3.216,8.680,5.205,10.683,0.188,-5.205,11,3.917,5.380,4.573,4.940,0.569,6.395,2.875,10.282,6.122,False,False,False,False
368,3.155,8.967,5.333,10.683,0.094,-5.333,11,3.917,5.380,4.573,4.940,0.569,6.395,2.875,10.282,6.122,False,False,False,False
369,3.095,9.246,5.475,10.683,0.033,-5.475,11,3.917,5.380,4.573,4.940,0.569,6.395,2.875,10.282,6.122,False,False,False,False
370,3.037,9.521,5.627,10.683,0.001,-5.627,11,3.917,5.380,4.573,4.940,0.569,6.395,2.875,10.282,6.122,False,False,False,False
371,2.980,9.791,5.788,10.683,0.013,-5.788,11,3.917,5.380,4.573,4.940,0.569,6.395,2.875,10.282,6.122,False,False,False,False
372,5.321,0.941,6.221,11.467,0.038,-6.221,12,4.258,5.941,4.693,5.377,0.678,6.395,3.139,11.205,6.395,False,False,False,False
373,5.265,1.204,6.047,11.467,0.088,-6.047,12,4.258,5.941,4.693,5.377,0.678,6.395,3.139,11.205,6.395,False,False,False,False
374,5.207,1.475,5.887,11.467,0.081,-5.887,12,4.258,5.941,4.693,5.377,0.678,6.395,3.139,11.205,6.395,False,False,False,False
375,5.149,1.750,5.736,11.467,0.087,-5.736,12,4.258,5.941,4.693,5.377,0.678,6.395,3.139,11.205,6.395,False,False,False,False
376,5.089,2.029,5.590,11.467,0.122,-5.590,12,4.258,5.941,4.693,5.377,0.678,6.395,3.139,11.205,6.395,False,False,False,False
377,5.028,2.316,5.462,11.467,0.160,-5.462,12,4.258,5.941,4.693,5.377,0.678,6.395,3.139,11.205,6.395,False,False,False,False
378,4.967,2.603,5.335,11.467,0.251,-5.335,12,4.258,5.941,4.693,5.377,0.678,6.395,3.139,11.205,6.395,False,False,False,False
379,4.905,2.898,5.228,11.467,0.332,-5.228,12,4.258,5.941,4.693,5.377,0.678,6.395,3.139,11.205,6.395,False,False,False,False
380,4.842,3.194,5.125,11.467,0.386,-5.125,12,4.258,5.941,4.693,5.377,0.678,6.395,3.139,11.205,6.395,False,False,False,False
381,4.778,3.494,5.033,11.467,0.430,-5.033,12,4.258,5.941,4.693,5.377,0.678,6.395,3.139,11.205,6.395,False,False,False,False
382,4.714,3.797,4.955,11.467,0.441,-4.955,12,4.258,5.941,4.693,5.377,0.678,6.395,3.139,11.205,6.395,False,False,False,False
383,4.649,4.101,4.878,11.467,0.471,-4.878,12,4.258,5.941,4.693,5.377,0.678,6.395,3.139,11.205,6.395,False,False,False,False
384,4.583,4.410,4.826,11.467,0.475,-4.826,12,4.258,5.941,4.693,5.377,0.678,6.395,3.139,11.205,6.395,False,False,False,False
385,4.518,4.719,4.774,11.467,0.418,-4.774,12,4.258,5.941,4.693,5.377,0.678,6.395,3.139,11.205,6.395,False,False,False,False
386,4.452,5.030,4.739,11.467,0.313,-4.739,12,4.258,5.941,4.693,5.377,0.678,6.395,3.139,11.205,6.395,False,False,False,False
387,4.385,5.342,4.712,11.467,0.174,-4.712,12,4.258,5.941,4.693,5.377,0.678,6.395,3.139,11.205,6.395,False,False,False,False
388,4.319,5.654,4.693,11.467,0.046,-4.693,12,4.258,5.941,4.693,5.377,0.678,6.395,3.139,11.205,6.395,False,False,False,False
389,4.252,5.967,4.693,11.467,0.035,-4.693,12,4.258,5.941,4.693,5.377,0.678,6.395,3.139,11.205,6.395,False,False,False,False
390,4.186,6.281,4.693,11.467,0.147,-4.693,12,4.258,5.941,4.693,5.377,0.678,6.395,3.139,11.205,6.395,False,False,False,False
391,4.119,6.593,4.717,11.467,0.347,-4.717,12,4.258,5.941,4.693,5.377,0.678,6.395,3.139,11.205,6.395,False,False,False,False
392,4.053,6.905,4.743,11.467,0.624,-4.743,12,4.258,5.941,4.693,5.377,0.678,6.395,3.139,11.205,6.395,False,False,False,False
393,3.987,7.215,4.782,11.467,0.973,-4.782,12,4.258,5.941,4.693,5.377,0.678,6.395,3.139,11.205,6.395,False,False,False,False
394,3.921,7.524,4.834,11.467,1.369,-4.834,12,4.258,5.941,4.693,5.377,0.678,6.395,3.139,11.205,6.395,False,False,False,False
395,3.856,7.833,4.890,11.467,1.791,-4.890,12,4.258,5.941,4.693,5.377,0.678,6.395,3.139,11.205,6.395,False,False,False,False
396,3.791,8.137,4.968,11.467,2.216,-4.968,12,4.258,5.941,4.693,5.377,0.678,6.395,3.139,11.205,6.395,False,False,False,False
397,3.727,8.440,5.046,11.467,2.603,-5.046,12,4.258,5.941,4.693,5.377,0.678,6.395,3.139,11.205,6.395,False,False,False,False
398,3.663,8.739,5.142,11.467,1.121,-5.142,12,4.258,5.941,4.693,5.377,0.678,6.395,3.139,11.205,6.395,False,False,False,False
399,3.600,9.035,5.245,11.467,0.933,-5.245,12,4.258,5.941,4.693,5.377,0.678,6.395,3.139,11.205,6.395,False,False,False,False
400,3.538,9.328,5.356,11.467,0.722,-5.356,12,4.258,5.941,4.693,5.377,0.678,6.395,3.139,11.205,6.395,False,False,False,False
401,3.477,9.615,5.484,11.467,0.514,-5.484,12,4.258,5.941,4.693,5.377,0.678,6.395,3.139,11.205,6.395,False,False,False,False
402,3.416,9.903,5.611,11.467,0.342,-5.611,12,4.258,5.941,4.693,5.377,0.678,6.395,3.139,11.205,6.395,False,False,False,False
403,3.357,10.179,5.761,11.467,0.199,-5.761,12,4.258,5.941,4.693,5.377,0.678,6.395,3.139,11.205,6.395,False,False,False,False
404,3.298,10.454,5.912,11.467,0.117,-5.912,12,4.258,5.941,4.693,5.377,0.678,6.395,3.139,11.205,6.395,False,False,False,False
405,3.241,10.723,6.076,11.467,0.080,-6.076,12,4.258,5.941,4.693,5.377,0.678,6.395,3.139,11.205,6.395,False,False,False,False
406,5.729,1.185,6.138,11.654,0.059,-6.138,13,4.674,6.149,4.693,5.813,0.789,6.395,3.533,11.513,6.395,False,False,False,False
407,5.672,1.451,5.969,11.654,0.052,-5.969,13,4.674,6.149,4.693,5.813,0.789,6.395,3.533,11.513,6.395,False,False,False,False
408,5.613,1.728,5.820,11.654,0.051,-5.820,13,4.674,6.149,4.693,5.813,0.789,6.395,3.533,11.513,6.395,False,False,False,False
409,5.555,2.005,5.671,11.654,0.039,-5.671,13,4.674,6.149,4.693,5.813,0.789,6.395,3.533,11.513,6.395,False,False,False,False
410,5.494,2.289,5.537,11.654,0.052,-5.537,13,4.674,6.149,4.693,5.813,0.789,6.395,3.533,11.513,6.395,False,False,False,False
411,5.433,2.577,5.412,11.654,0.074,-5.412,13,4.674,6.149,4.693,5.813,0.789,6.395,3.533,11.513,6.395,False,False,False,False
412,5.371,2.867,5.291,11.654,0.117,-5.291,13,4.674,6.149,4.693,5.813,0.789,6.395,3.533,11.513,6.395,False,False,False,False
413,5.308,3.164,5.190,11.654,0.197,-5.190,13,4.674,6.149,4.693,5.813,0.789,6.395,3.533,11.513,6.395,False,False,False,False
414,5.245,3.460,5.089,11.654,0.287,-5.089,13,4.674,6.149,4.693,5.813,0.789,6.395,3.533,11.513,6.395,False,False,False,False
415,5.181,3.763,5.007,11.654,0.403,-5.007,13,4.674,6.149,4.693,5.813,0.789,6.395,3.533,11.513,6.395,False,False,False,False
416,5.116,4.067,4.930,11.654,0.490,-4.930,13,4.674,6.149,4.693,5.813,0.789,6.395,3.533,11.513,6.395,False,False,False,False
417,5.051,4.372,4.863,11.654,0.565,-4.863,13,4.674,6.149,4.693,5.813,0.789,6.395,3.533,11.513,6.395,False,False,False,False
418,4.986,4.681,4.811,11.654,0.603,-4.811,13,4.674,6.149,4.693,5.813,0.789,6.395,3.533,11.513,6.395,False,False,False,False
419,4.920,4.990,4.760,11.654,0.571,-4.760,13,4.674,6.149,4.693,5.813,0.789,6.395,3.533,11.513,6.395,False,False,False,False
420,4.854,5.302,4.732,11.654,0.486,-4.732,13,4.674,6.149,4.693,5.813,0.789,6.395,3.533,11.513,6.395,False,False,False,False
421,4.787,5.614,4.706,11.654,0.340,-4.706,13,4.674,6.149,4.693,5.813,0.789,6.395,3.533,11.513,6.395,False,False,False,False
422,4.721,5.927,4.693,11.654,0.157,-4.693,13,4.674,6.149,4.693,5.813,0.789,6.395,3.533,11.513,6.395,False,False,False,False
423,4.654,6.240,4.693,11.654,0.047,-4.693,13,4.674,6.149,4.693,5.813,0.789,6.395,3.533,11.513,6.395,False,False,False,False
424,4.588,6.553,4.695,11.654,0.108,-4.695,13,4.674,6.149,4.693,5.813,0.789,6.395,3.533,11.513,6.395,False,False,False,False
425,4.521,6.866,4.721,11.654,0.252,-4.721,13,4.674,6.149,4.693,5.813,0.789,6.395,3.533,11.513,6.395,False,False,False,False
426,4.455,7.178,4.747,11.654,0.499,-4.747,13,4.674,6.149,4.693,5.813,0.789,6.395,3.533,11.513,6.395,False,False,False,False
427,4.389,7.488,4.789,11.654,0.838,-4.789,13,4.674,6.149,4.693,5.813,0.789,6.395,3.533,11.513,6.395,False,False,False,False
428,4.323,7.797,4.840,11.654,1.215,-4.840,13,4.674,6.149,4.693,5.813,0.789,6.395,3.533,11.513,6.395,False,False,False,False
429,4.258,8.105,4.897,11.654,1.624,-4.897,13,4.674,6.149,4.693,5.813,0.789,6.395,3.533,11.513,6.395,False,False,False,False
430,4.193,8.409,4.974,11.654,2.050,-4.974,13,4.674,6.149,4.693,5.813,0.789,6.395,3.533,11.513,6.395,False,False,False,False
431,4.129,8.713,5.051,11.654,2.429,-5.051,13,4.674,6.149,4.693,5.813,0.789,6.395,3.533,11.513,6.395,False,False,False,False
432,4.065,9.011,5.147,11.654,2.799,-5.147,13,4.674,6.149,4.693,5.813,0.789,6.395,3.533,11.513,6.395,False,False,False,False
433,4.002,9.308,5.248,11.654,1.460,-5.248,13,4.674,6.149,4.693,5.813,0.789,6.395,3.533,11.513,6.395,False,False,False,False
434,3.940,9.601,5.358,11.654,1.221,-5.358,13,4.674,6.149,4.693,5.813,0.789,6.395,3.533,11.513,6.395,False,False,False,False
435,3.879,9.890,5.484,11.654,1.003,-5.484,13,4.674,6.149,4.693,5.813,0.789,6.395,3.533,11.513,6.395,False,False,False,False
436,3.817,10.178,5.609,11.654,0.784,-5.609,13,4.674,6.149,4.693,5.813,0.789,6.395,3.533,11.513,6.395,False,False,False,False
437,3.758,10.457,5.757,11.654,0.578,-5.757,13,4.674,6.149,4.693,5.813,0.789,6.395,3.533,11.513,6.395,False,False,False,False
438,3.699,10.734,5.906,11.654,0.400,-5.906,13,4.674,6.149,4.693,5.813,0.789,6.395,3.533,11.513,6.395,False,False,False,False
439,3.641,11.005,6.066,11.654,0.266,-6.066,13,4.674,6.149,4.693,5.813,0.789,6.395,3.533,11.513,6.395,False,False,False,False
440,6.193,1.165,6.224,11.679,0.178,-6.224,14,5.107,6.274,4.693,6.249,0.900,6.395,3.964,11.651,6.395,False,False,False,False
441,6.137,1.430,6.053,11.679,0.110,-6.053,14,5.107,6.274,4.693,6.249,0.900,6.395,3.964,11.651,6.395,False,False,False,False
442,6.079,1.702,5.895,11.679,0.076,-5.895,14,5.107,6.274,4.693,6.249,0.900,6.395,3.964,11.651,6.395,False,False,False,False
443,6.020,1.979,5.747,11.679,0.042,-5.747,14,5.107,6.274,4.693,6.249,0.900,6.395,3.964,11.651,6.395,False,False,False,False
444,5.961,2.258,5.601,11.679,0.020,-5.601,14,5.107,6.274,4.693,6.249,0.900,6.395,3.964,11.651,6.395,False,False,False,False
445,5.900,2.546,5.476,11.679,0.021,-5.476,14,5.107,6.274,4.693,6.249,0.900,6.395,3.964,11.651,6.395,False,False,False,False
446,5.838,2.834,5.351,11.679,0.030,-5.351,14,5.107,6.274,4.693,6.249,0.900,6.395,3.964,11.651,6.395,False,False,False,False
447,5.776,3.128,5.242,11.679,0.078,-5.242,14,5.107,6.274,4.693,6.249,0.900,6.395,3.964,11.651,6.395,False,False,False,False
448,5.713,3.425,5.141,11.679,0.130,-5.141,14,5.107,6.274,4.693,6.249,0.900,6.395,3.964,11.651,6.395,False,False,False,False
449,5.649,3.724,5.047,11.679,0.263,-5.047,14,5.107,6.274,4.693,6.249,0.900,6.395,3.964,11.651,6.395,False,False,False,False
450,5.585,4.028,4.970,11.679,0.408,-4.970,14,5.107,6.274,4.693,6.249,0.900,6.395,3.964,11.651,6.395,False,False,False,False
451,5.520,4.332,4.894,11.679,0.518,-4.894,14,5.107,6.274,4.693,6.249,0.900,6.395,3.964,11.651,6.395,False,False,False,False
452,5.455,4.640,4.838,11.679,0.628,-4.838,14,5.107,6.274,4.693,6.249,0.900,6.395,3.964,11.651,6.395,False,False,False,False
453,5.389,4.949,4.787,11.679,0.669,-4.787,14,5.107,6.274,4.693,6.249,0.900,6.395,3.964,11.651,6.395,False,False,False,False
454,5.323,5.259,4.746,11.679,0.629,-4.746,14,5.107,6.274,4.693,6.249,0.900,6.395,3.964,11.651,6.395,False,False,False,False
455,5.257,5.571,4.720,11.679,0.526,-4.720,14,5.107,6.274,4.693,6.249,0.900,6.395,3.964,11.651,6.395,False,False,False,False
456,5.190,5.883,4.694,11.679,0.345,-4.694,14,5.107,6.274,4.693,6.249,0.900,6.395,3.964,11.651,6.395,False,False,False,False
457,5.124,6.196,4.693,11.679,0.186,-4.693,14,5.107,6.274,4.693,6.249,0.900,6.395,3.964,11.651,6.395,False,False,False,False
458,5.057,6.510,4.693,11.679,0.116,-4.693,14,5.107,6.274,4.693,6.249,0.900,6.395,3.964,11.651,6.395,False,False,False,False
459,4.991,6.822,4.707,11.679,0.156,-4.707,14,5.107,6.274,4.693,6.249,0.900,6.395,3.964,11.651,6.395,False,False,False,False
460,4.924,7.134,4.733,11.679,0.343,-4.733,14,5.107,6.274,4.693,6.249,0.900,6.395,3.964,11.651,6.395,False,False,False,False
461,4.858,7.446,4.761,11.679,0.626,-4.761,14,5.107,6.274,4.693,6.249,0.900,6.395,3.964,11.651,6.395,False,False,False,False
462,4.792,7.755,4.812,11.679,0.975,-4.812,14,5.107,6.274,4.693,6.249,0.900,6.395,3.964,11.651,6.395,False,False,False,False
463,4.727,8.064,4.864,11.679,1.365,-4.864,14,5.107,6.274,4.693,6.249,0.900,6.395,3.964,11.651,6.395,False,False,False,False
464,4.662,8.370,4.932,11.679,1.804,-4.932,14,5.107,6.274,4.693,6.249,0.900,6.395,3.964,11.651,6.395,False,False,False,False
465,4.597,8.674,5.008,11.679,2.197,-5.008,14,5.107,6.274,4.693,6.249,0.900,6.395,3.964,11.651,6.395,False,False,False,False
466,4.533,8.977,5.090,11.679,2.581,-5.090,14,5.107,6.274,4.693,6.249,0.900,6.395,3.964,11.651,6.395,False,False,False,False
467,4.470,9.273,5.191,11.679,2.959,-5.191,14,5.107,6.274,4.693,6.249,0.900,6.395,3.964,11.651,6.395,False,False,False,False
468,4.407,9.570,5.292,11.679,1.991,-5.292,14,5.107,6.274,4.693,6.249,0.900,6.395,3.964,11.651,6.395,False,False,False,False
469,4.345,9.860,5.413,11.679,1.779,-5.413,14,5.107,6.274,4.693,6.249,0.900,6.395,3.964,11.651,6.395,False,False,False,False
470,4.284,10.149,5.538,11.679,1.547,-5.538,14,5.107,6.274,4.693,6.249,0.900,6.395,3.964,11.651,6.395,False,False,False,False
471,4.223,10.433,5.672,11.679,1.304,-5.672,14,5.107,6.274,4.693,6.249,0.900,6.395,3.964,11.651,6.395,False,False,False,False
472,4.164,10.711,5.821,11.679,1.067,-5.821,14,5.107,6.274,4.693,6.249,0.900,6.395,3.964,11.651,6.395,False,False,False,False
473,4.105,10.988,5.969,11.679,0.826,-5.969,14,5.107,6.274,4.693,6.249,0.900,6.395,3.964,11.651,6.395,False,False,False,False
474,4.049,11.254,6.139,11.679,0.582,-6.139,14,5.107,6.274,4.693,6.249,0.900,6.395,3.964,11.651,6.395,False,False,False,False
475,6.601,1.411,6.139,11.703,0.380,-6.139,15,5.540,6.400,4.693,6.685,1.014,6.395,4.395,11.789,6.395,False,False,False,False
476,6.544,1.677,5.970,11.703,0.241,-5.970,15,5.540,6.400,4.693,6.685,1.014,6.395,4.395,11.789,6.395,False,False,False,False
477,6.485,1.954,5.822,11.703,0.147,-5.822,15,5.540,6.400,4.693,6.685,1.014,6.395,4.395,11.789,6.395,False,False,False,False
478,6.426,2.232,5.674,11.703,0.085,-5.674,15,5.540,6.400,4.693,6.685,1.014,6.395,4.395,11.789,6.395,False,False,False,False
479,6.366,2.516,5.540,11.703,0.037,-5.540,15,5.540,6.400,4.693,6.685,1.014,6.395,4.395,11.789,6.395,False,False,False,False
480,6.305,2.804,5.415,11.703,0.013,-5.415,15,5.540,6.400,4.693,6.685,1.014,6.395,4.395,11.789,6.395,False,False,False,False
481,6.243,3.094,5.294,11.703,0.002,-5.294,15,5.540,6.400,4.693,6.685,1.014,6.395,4.395,11.789,6.395,False,False,False,False
482,6.180,3.391,5.193,11.703,0.014,-5.193,15,5.540,6.400,4.693,6.685,1.014,6.395,4.395,11.789,6.395,False,False,False,False
483,6.117,3.688,5.093,11.703,0.053,-5.093,15,5.540,6.400,4.693,6.685,1.014,6.395,4.395,11.789,6.395,False,False,False,False
484,6.053,3.990,5.010,11.703,0.108,-5.010,15,5.540,6.400,4.693,6.685,1.014,6.395,4.395,11.789,6.395,False,False,False,False
485,5.988,4.294,4.934,11.703,0.207,-4.934,15,5.540,6.400,4.693,6.685,1.014,6.395,4.395,11.789,6.395,False,False,False,False
486,5.923,4.600,4.865,11.703,0.351,-4.865,15,5.540,6.400,4.693,6.685,1.014,6.395,4.395,11.789,6.395,False,False,False,False
487,5.857,4.909,4.814,11.703,0.497,-4.814,15,5.540,6.400,4.693,6.685,1.014,6.395,4.395,11.789,6.395,False,False,False,False
488,5.792,5.218,4.763,11.703,0.618,-4.763,15,5.540,6.400,4.693,6.685,1.014,6.395,4.395,11.789,6.395,False,False,False,False
489,5.726,5.529,4.734,11.703,0.657,-4.734,15,5.540,6.400,4.693,6.685,1.014,6.395,4.395,11.789,6.395,False,False,False,False
490,5.659,5.841,4.708,11.703,0.610,-4.708,15,5.540,6.400,4.693,6.685,1.014,6.395,4.395,11.789,6.395,False,False,False,False
491,5.593,6.154,4.693,11.703,0.472,-4.693,15,5.540,6.400,4.693,6.685,1.014,6.395,4.395,11.789,6.395,False,False,False,False
492,5.526,6.467,4.693,11.703,0.313,-4.693,15,5.540,6.400,4.693,6.685,1.014,6.395,4.395,11.789,6.395,False,False,False,False
493,5.460,6.780,4.693,11.703,0.183,-4.693,15,5.540,6.400,4.693,6.685,1.014,6.395,4.395,11.789,6.395,False,False,False,False
494,5.393,7.093,4.719,11.703,0.146,-4.719,15,5.540,6.400,4.693,6.685,1.014,6.395,4.395,11.789,6.395,False,False,False,False
495,5.327,7.405,4.745,11.703,0.284,-4.745,15,5.540,6.400,4.693,6.685,1.014,6.395,4.395,11.789,6.395,False,False,False,False
496,5.261,7.715,4.784,11.703,0.539,-4.784,15,5.540,6.400,4.693,6.685,1.014,6.395,4.395,11.789,6.395,False,False,False,False
497,5.195,8.024,4.835,11.703,0.880,-4.835,15,5.540,6.400,4.693,6.685,1.014,6.395,4.395,11.789,6.395,False,False,False,False
498,5.130,8.333,4.890,11.703,1.260,-4.890,15,5.540,6.400,4.693,6.685,1.014,6.395,4.395,11.789,6.395,False,False,False,False
499,5.065,8.637,4.966,11.703,1.653,-4.966,15,5.540,6.400,4.693,6.685,1.014,6.395,4.395,11.789,6.395,False,False,False,False
500,5.000,8.941,5.042,11.703,2.035,-5.042,15,5.540,6.400,4.693,6.685,1.014,6.395,4.395,11.789,6.395,False,False,False,False
501,4.937,9.240,5.135,11.703,2.402,-5.135,15,5.540,6.400,4.693,6.685,1.014,6.395,4.395,11.789,6.395,False,False,False,False
502,4.874,9.537,5.236,11.703,2.767,-5.236,15,5.540,6.400,4.693,6.685,1.014,6.395,4.395,11.789,6.395,False,False,False,False
503,4.811,9.832,5.342,11.703,1.576,-5.342,15,5.540,6.400,4.693,6.685,1.014,6.395,4.395,11.789,6.395,False,False,False,False
504,4.750,10.120,5.468,11.703,1.226,-5.468,15,5.540,6.400,4.693,6.685,1.014,6.395,4.395,11.789,6.395,False,False,False,False
505,4.688,10.409,5.593,11.703,0.942,-5.593,15,5.540,6.400,4.693,6.685,1.014,6.395,4.395,11.789,6.395,False,False,False,False
506,4.629,10.689,5.736,11.703,0.722,-5.736,15,5.540,6.400,4.693,6.685,1.014,6.395,4.395,11.789,6.395,False,False,False,False
507,4.570,10.967,5.885,11.703,0.558,-5.885,15,5.540,6.400,4.693,6.685,1.014,6.395,4.395,11.789,6.395,False,False,False,False
508,4.512,11.240,6.041,11.703,0.445,-6.041,15,5.540,6.400,4.693,6.685,1.014,6.395,4.395,11.789,6.395,False,False,False,False
509,4.455,11.505,6.212,11.703,0.344,-6.212,15,5.540,6.400,4.693,6.685,1.014,6.395,4.395,11.789,6.395,False,False,False,False
510,7.064,1.396,6.225,11.724,0.252,-6.225,16,5.973,6.528,4.693,7.120,1.131,6.395,4.826,11.927,6.395,False,False,False,False
511,7.008,1.661,6.054,11.724,0.219,-6.054,16,5.973,6.528,4.693,7.120,1.131,6.395,4.826,11.927,6.395,False,False,False,False
512,6.950,1.933,5.897,11.724,0.204,-5.897,16,5.973,6.528,4.693,7.120,1.131,6.395,4.826,11.927,6.395,False,False,False,False
513,6.891,2.211,5.749,11.724,0.260,-5.749,16,5.973,6.528,4.693,7.120,1.131,6.395,4.826,11.927,6.395,False,False,False,False
514,6.832,2.490,5.603,11.724,0.355,-5.603,16,5.973,6.528,4.693,7.120,1.131,6.395,4.826,11.927,6.395,False,False,False,False
515,6.770,2.778,5.479,11.724,0.538,-5.479,16,5.973,6.528,4.693,7.120,1.131,6.395,4.826,11.927,6.395,False,False,False,False
516,6.709,3.066,5.354,11.724,0.691,-5.354,16,5.973,6.528,4.693,7.120,1.131,6.395,4.826,11.927,6.395,False,False,False,False
517,6.647,3.360,5.245,11.724,0.770,-5.245,16,5.973,6.528,4.693,7.120,1.131,6.395,4.826,11.927,6.395,False,False,False,False
518,6.583,3.657,5.145,11.724,0.735,-5.145,16,5.973,6.528,4.693,7.120,1.131,6.395,4.826,11.927,6.395,False,False,False,False
519,6.520,3.956,5.049,11.724,0.584,-5.049,16,5.973,6.528,4.693,7.120,1.131,6.395,4.826,11.927,6.395,False,False,False,False
520,6.455,4.260,4.973,11.724,0.417,-4.973,16,5.973,6.528,4.693,7.120,1.131,6.395,4.826,11.927,6.395,False,False,False,False
521,6.391,4.564,4.897,11.724,0.243,-4.897,16,5.973,6.528,4.693,7.120,1.131,6.395,4.826,11.927,6.395,False,False,False,False
522,6.325,4.872,4.841,11.724,0.130,-4.841,16,5.973,6.528,4.693,7.120,1.131,6.395,4.826,11.927,6.395,False,False,False,False
523,6.260,5.181,4.790,11.724,0.113,-4.790,16,5.973,6.528,4.693,7.120,1.131,6.395,4.826,11.927,6.395,False,False,False,False
524,6.194,5.491,4.747,11.724,0.237,-4.747,16,5.973,6.528,4.693,7.120,1.131,6.395,4.826,11.927,6.395,False,False,False,False
525,6.127,5.803,4.722,11.724,0.532,-4.722,16,5.973,6.528,4.693,7.120,1.131,6.395,4.826,11.927,6.395,False,False,False,False
526,6.061,6.115,4.696,11.724,0.895,-4.696,16,5.973,6.528,4.693,7.120,1.131,6.395,4.826,11.927,6.395,False,False,False,False
527,5.994,6.428,4.693,11.724,1.277,-4.693,16,5.973,6.528,4.693,7.120,1.131,6.395,4.826,11.927,6.395,False,False,False,False
528,5.928,6.741,4.693,11.724,1.671,-4.693,16,5.973,6.528,4.693,7.120,1.131,6.395,4.826,11.927,6.395,False,False,False,False
529,5.861,7.054,4.705,11.724,2.035,-4.705,16,5.973,6.528,4.693,7.120,1.131,6.395,4.826,11.927,6.395,False,False,False,False
530,5.795,7.366,4.731,11.724,2.382,-4.731,16,5.973,6.528,4.693,7.120,1.131,6.395,4.826,11.927,6.395,False,False,False,False
531,5.729,7.679,4.757,11.724,2.703,-4.757,16,5.973,6.528,4.693,7.120,1.131,6.395,4.826,11.927,6.395,False,False,False,False
532,5.663,7.988,4.808,11.724,2.713,-4.808,16,5.973,6.528,4.693,7.120,1.131,6.395,4.826,11.927,6.395,False,False,False,False
533,5.597,8.297,4.859,11.724,2.386,-4.859,16,5.973,6.528,4.693,7.120,1.131,6.395,4.826,11.927,6.395,False,False,False,False
534,5.532,8.603,4.924,11.724,2.054,-4.924,16,5.973,6.528,4.693,7.120,1.131,6.395,4.826,11.927,6.395,False,False,False,False
535,5.468,8.907,5.000,11.724,1.727,-5.000,16,5.973,6.528,4.693,7.120,1.131,6.395,4.826,11.927,6.395,False,False,False,False
536,5.403,9.210,5.080,11.724,1.411,-5.080,16,5.973,6.528,4.693,7.120,1.131,6.395,4.826,11.927,6.395,False,False,False,False
537,5.340,9.507,5.180,11.724,1.097,-5.180,16,5.973,6.528,4.693,7.120,1.131,6.395,4.826,11.927,6.395,False,False,False,False
538,5.277,9.804,5.281,11.724,0.776,-5.281,16,5.973,6.528,4.693,7.120,1.131,6.395,4.826,11.927,6.395,False,False,False,False
539,5.215,10.095,5.398,11.724,0.493,-5.398,16,5.973,6.528,4.693,7.120,1.131,6.395,4.826,11.927,6.395,False,False,False,False
540,5.154,10.384,5.523,11.724,0.290,-5.523,16,5.973,6.528,4.693,7.120,1.131,6.395,4.826,11.927,6.395,False,False,False,False
541,5.093,10.670,5.654,11.724,0.168,-5.654,16,5.973,6.528,4.693,7.120,1.131,6.395,4.826,11.927,6.395,False,False,False,False
542,5.034,10.948,5.802,11.724,0.118,-5.802,16,5.973,6.528,4.693,7.120,1.131,6.395,4.826,11.927,6.395,False,False,False,False
543,4.975,11.225,5.950,11.724,0.042,-5.950,16,5.973,6.528,4.693,7.120,1.131,6.395,4.826,11.927,6.395,False,False,False,False
544,4.918,11.493,6.116,11.724,0.032,-6.116,16,5.973,6.528,4.693,7.120,1.131,6.395,4.826,11.927,6.395,False,False,False,False
545,7.166,3.081,6.108,10.361,0.082,-6.108,17,6.251,7.385,4.694,7.246,2.705,6.395,5.256,12.066,6.395,False,False,False,False
546,7.109,3.347,5.919,10.361,0.184,-5.919,17,6.251,7.385,4.694,7.246,2.705,6.395,5.256,12.066,6.395,False,False,False,False
547,7.051,3.623,5.747,10.361,0.354,-5.747,17,6.251,7.385,4.694,7.246,2.705,6.395,5.256,12.066,6.395,False,False,False,False
548,6.991,3.903,5.581,10.361,0.701,-5.581,17,6.251,7.385,4.694,7.246,2.705,6.395,5.256,12.066,6.395,False,False,False,False
549,6.929,4.194,5.435,10.361,0.997,-5.435,17,6.251,7.385,4.694,7.246,2.705,6.395,5.256,12.066,6.395,False,False,False,False
550,6.867,4.487,5.294,10.361,1.163,-5.294,17,6.251,7.385,4.694,7.246,2.705,6.395,5.256,12.066,6.395,False,False,False,False
551,6.803,4.789,5.176,10.361,1.221,-5.176,17,6.251,7.385,4.694,7.246,2.705,6.395,5.256,12.066,6.395,False,False,False,False
552,6.738,5.092,5.060,10.361,1.186,-5.060,17,6.251,7.385,4.694,7.246,2.705,6.395,5.256,12.066,6.395,False,False,False,False
553,6.672,5.404,4.971,10.361,0.948,-4.971,17,6.251,7.385,4.694,7.246,2.705,6.395,5.256,12.066,6.395,False,False,False,False
554,6.606,5.716,4.881,10.361,0.703,-4.881,17,6.251,7.385,4.694,7.246,2.705,6.395,5.256,12.066,6.395,False,False,False,False
555,6.538,6.034,4.821,10.361,0.477,-4.821,17,6.251,7.385,4.694,7.246,2.705,6.395,5.256,12.066,6.395,False,False,False,False
556,6.471,6.352,4.761,10.361,0.348,-4.761,17,6.251,7.385,4.694,7.246,2.705,6.395,5.256,12.066,6.395,False,False,False,False
557,6.402,6.675,4.729,10.361,0.319,-4.729,17,6.251,7.385,4.694,7.246,2.705,6.395,5.256,12.066,6.395,False,False,False,False
558,6.334,6.997,4.698,10.361,0.419,-4.698,17,6.251,7.385,4.694,7.246,2.705,6.395,5.256,12.066,6.395,False,False,False,False
559,6.265,7.320,4.694,10.361,0.650,-4.694,17,6.251,7.385,4.694,7.246,2.705,6.395,5.256,12.066,6.395,False,False,False,False
560,6.196,7.644,4.694,10.361,0.946,-4.694,17,6.251,7.385,4.694,7.246,2.705,6.395,5.256,12.066,6.395,False,False,False,False
561,6.128,7.966,4.716,10.361,1.272,-4.716,17,6.251,7.385,4.694,7.246,2.705,6.395,5.256,12.066,6.395,False,False,False,False
562,6.059,8.288,4.747,10.361,1.632,-4.747,17,6.251,7.385,4.694,7.246,2.705,6.395,5.256,12.066,6.395,False,False,False,False
563,5.991,8.608,4.797,10.361,1.960,-4.797,17,6.251,7.385,4.694,7.246,2.705,6.395,5.256,12.066,6.395,False,False,False,False
564,5.923,8.927,4.857,10.361,2.267,-4.857,17,6.251,7.385,4.694,7.246,2.705,6.395,5.256,12.066,6.395,False,False,False,False
565,5.857,9.241,4.934,10.361,2.541,-4.934,17,6.251,7.385,4.694,7.246,2.705,6.395,5.256,12.066,6.395,False,False,False,False
566,5.790,9.553,5.024,10.361,2.847,-5.024,17,6.251,7.385,4.694,7.246,2.705,6.395,5.256,12.066,6.395,False,False,False,False
567,5.725,9.860,5.128,10.361,2.641,-5.128,17,6.251,7.385,4.694,7.246,2.705,6.395,5.256,12.066,6.395,False,False,False,False
568,5.661,10.162,5.246,10.361,2.286,-5.246,17,6.251,7.385,4.694,7.246,2.705,6.395,5.256,12.066,6.395,False,False,False,False
569,5.598,10.460,5.376,10.361,1.944,-5.376,17,6.251,7.385,4.694,7.246,2.705,6.395,5.256,12.066,6.395,False,False,False,False
570,5.536,10.750,5.522,10.361,1.595,-5.522,17,6.251,7.385,4.694,7.246,2.705,6.395,5.256,12.066,6.395,False,False,False,False
571,5.475,11.037,5.677,10.361,1.249,-5.677,17,6.251,7.385,4.694,7.246,2.705,6.395,5.256,12.066,6.395,False,False,False,False
572,5.416,11.313,5.850,10.361,0.907,-5.850,17,6.251,7.385,4.694,7.246,2.705,6.395,5.256,12.066,6.395,False,False,False,False
573,5.358,11.585,6.028,10.361,0.593,-6.028,17,6.251,7.385,4.694,7.246,2.705,6.395,5.256,12.066,6.395,False,False,False,False
574,7.927,1.666,6.225,11.731,0.359,-6.225,18,6.835,6.802,4.693,7.983,1.401,6.395,5.687,12.206,6.395,False,False,False,False
575,7.870,1.931,6.055,11.731,0.178,-6.055,18,6.835,6.802,4.693,7.983,1.401,6.395,5.687,12.206,6.395,False,False,False,False
576,7.813,2.203,5.897,11.731,0.086,-5.897,18,6.835,6.802,4.693,7.983,1.401,6.395,5.687,12.206,6.395,False,False,False,False
577,7.754,2.481,5.749,11.731,0.040,-5.749,18,6.835,6.802,4.693,7.983,1.401,6.395,5.687,12.206,6.395,False,False,False,False
578,7.694,2.760,5.604,11.731,0.053,-5.604,18,6.835,6.802,4.693,7.983,1.401,6.395,5.687,12.206,6.395,False,False,False,False
579,7.633,3.048,5.479,11.731,0.158,-5.479,18,6.835,6.802,4.693,7.983,1.401,6.395,5.687,12.206,6.395,False,False,False,False
580,7.572,3.336,5.355,11.731,0.350,-5.355,18,6.835,6.802,4.693,7.983,1.401,6.395,5.687,12.206,6.395,False,False,False,False
581,7.509,3.630,5.246,11.731,0.652,-5.246,18,6.835,6.802,4.693,7.983,1.401,6.395,5.687,12.206,6.395,False,False,False,False
582,7.446,3.928,5.145,11.731,1.180,-5.145,18,6.835,6.802,4.693,7.983,1.401,6.395,5.687,12.206,6.395,False,False,False,False
583,7.383,4.226,5.050,11.731,1.484,-5.050,18,6.835,6.802,4.693,7.983,1.401,6.395,5.687,12.206,6.395,False,False,False,False
584,7.318,4.530,4.974,11.731,1.613,-4.974,18,6.835,6.802,4.693,7.983,1.401,6.395,5.687,12.206,6.395,False,False,False,False
585,7.253,4.834,4.898,11.731,1.610,-4.898,18,6.835,6.802,4.693,7.983,1.401,6.395,5.687,12.206,6.395,False,False,False,False
586,7.188,5.142,4.841,11.731,1.560,-4.841,18,6.835,6.802,4.693,7.983,1.401,6.395,5.687,12.206,6.395,False,False,False,False
587,7.122,5.451,4.790,11.731,1.382,-4.790,18,6.835,6.802,4.693,7.983,1.401,6.395,5.687,12.206,6.395,False,False,False,False
588,7.056,5.761,4.748,11.731,1.114,-4.748,18,6.835,6.802,4.693,7.983,1.401,6.395,5.687,12.206,6.395,False,False,False,False
589,6.990,6.073,4.722,11.731,0.864,-4.722,18,6.835,6.802,4.693,7.983,1.401,6.395,5.687,12.206,6.395,False,False,False,False
590,6.924,6.386,4.696,11.731,0.657,-4.696,18,6.835,6.802,4.693,7.983,1.401,6.395,5.687,12.206,6.395,False,False,False,False
591,6.857,6.699,4.693,11.731,0.635,-4.693,18,6.835,6.802,4.693,7.983,1.401,6.395,5.687,12.206,6.395,False,False,False,False
592,6.791,7.012,4.693,11.731,0.663,-4.693,18,6.835,6.802,4.693,7.983,1.401,6.395,5.687,12.206,6.395,False,False,False,False
593,6.724,7.324,4.705,11.731,0.797,-4.705,18,6.835,6.802,4.693,7.983,1.401,6.395,5.687,12.206,6.395,False,False,False,False
594,6.658,7.637,4.730,11.731,1.033,-4.730,18,6.835,6.802,4.693,7.983,1.401,6.395,5.687,12.206,6.395,False,False,False,False
595,6.591,7.949,4.756,11.731,1.308,-4.756,18,6.835,6.802,4.693,7.983,1.401,6.395,5.687,12.206,6.395,False,False,False,False
596,6.526,8.258,4.807,11.731,1.626,-4.807,18,6.835,6.802,4.693,7.983,1.401,6.395,5.687,12.206,6.395,False,False,False,False
597,6.460,8.567,4.858,11.731,1.914,-4.858,18,6.835,6.802,4.693,7.983,1.401,6.395,5.687,12.206,6.395,False,False,False,False
598,6.395,8.873,4.923,11.731,2.174,-4.923,18,6.835,6.802,4.693,7.983,1.401,6.395,5.687,12.206,6.395,False,False,False,False
599,6.330,9.177,4.999,11.731,2.418,-4.999,18,6.835,6.802,4.693,7.983,1.401,6.395,5.687,12.206,6.395,False,False,False,False
600,6.266,9.481,5.078,11.731,2.693,-5.078,18,6.835,6.802,4.693,7.983,1.401,6.395,5.687,12.206,6.395,False,False,False,False
601,6.203,9.778,5.179,11.731,3.026,-5.179,18,6.835,6.802,4.693,7.983,1.401,6.395,5.687,12.206,6.395,False,False,False,False
602,6.140,10.074,5.279,11.731,2.813,-5.279,18,6.835,6.802,4.693,7.983,1.401,6.395,5.687,12.206,6.395,False,False,False,False
603,6.078,10.366,5.396,11.731,2.456,-5.396,18,6.835,6.802,4.693,7.983,1.401,6.395,5.687,12.206,6.395,False,False,False,False
604,6.016,10.654,5.521,11.731,2.116,-5.521,18,6.835,6.802,4.693,7.983,1.401,6.395,5.687,12.206,6.395,False,False,False,False
605,5.955,10.941,5.651,11.731,1.769,-5.651,18,6.835,6.802,4.693,7.983,1.401,6.395,5.687,12.206,6.395,False,False,False,False
606,5.896,11.219,5.799,11.731,1.410,-5.799,18,6.835,6.802,4.693,7.983,1.401,6.395,5.687,12.206,6.395,False,False,False,False
607,5.837,11.497,5.947,11.731,1.076,-5.947,18,6.835,6.802,4.693,7.983,1.401,6.395,5.687,12.206,6.395,False,False,False,False
608,5.780,11.765,6.112,11.731,0.774,-6.112,18,6.835,6.802,4.693,7.983,1.401,6.395,5.687,12.206,6.395,False,False,False,False
609,8.328,1.944,6.139,11.725,0.516,-6.139,19,7.265,6.945,4.693,8.412,1.547,6.395,6.117,12.345,6.395,False,False,False,False
610,8.271,2.210,5.971,11.725,0.300,-5.971,19,7.265,6.945,4.693,8.412,1.547,6.395,6.117,12.345,6.395,False,False,False,False
611,8.212,2.488,5.823,11.725,0.130,-5.823,19,7.265,6.945,4.693,8.412,1.547,6.395,6.117,12.345,6.395,False,False,False,False
612,8.153,2.765,5.675,11.725,0.080,-5.675,19,7.265,6.945,4.693,8.412,1.547,6.395,6.117,12.345,6.395,False,False,False,False
613,8.093,3.050,5.541,11.725,0.122,-5.541,19,7.265,6.945,4.693,8.412,1.547,6.395,6.117,12.345,6.395,False,False,False,False
614,8.032,3.338,5.416,11.725,0.282,-5.416,19,7.265,6.945,4.693,8.412,1.547,6.395,6.117,12.345,6.395,False,False,False,False
615,7.970,3.628,5.296,11.725,0.623,-5.296,19,7.265,6.945,4.693,8.412,1.547,6.395,6.117,12.345,6.395,False,False,False,False
616,7.907,3.925,5.195,11.725,1.189,-5.195,19,7.265,6.945,4.693,8.412,1.547,6.395,6.117,12.345,6.395,False,False,False,False
617,7.844,4.222,5.094,11.725,1.695,-5.094,19,7.265,6.945,4.693,8.412,1.547,6.395,6.117,12.345,6.395,False,False,False,False
618,7.779,4.524,5.011,11.725,2.005,-5.011,19,7.265,6.945,4.693,8.412,1.547,6.395,6.117,12.345,6.395,False,False,False,False
619,7.715,4.828,4.935,11.725,2.136,-4.935,19,7.265,6.945,4.693,8.412,1.547,6.395,6.117,12.345,6.395,False,False,False,False
620,7.650,5.133,4.866,11.725,2.122,-4.866,19,7.265,6.945,4.693,8.412,1.547,6.395,6.117,12.345,6.395,False,False,False,False
621,7.584,5.442,4.815,11.725,1.998,-4.815,19,7.265,6.945,4.693,8.412,1.547,6.395,6.117,12.345,6.395,False,False,False,False
622,7.519,5.751,4.764,11.725,1.805,-4.764,19,7.265,6.945,4.693,8.412,1.547,6.395,6.117,12.345,6.395,False,False,False,False
623,7.452,6.063,4.735,11.725,1.521,-4.735,19,7.265,6.945,4.693,8.412,1.547,6.395,6.117,12.345,6.395,False,False,False,False
624,7.386,6.375,4.709,11.725,1.247,-4.709,19,7.265,6.945,4.693,8.412,1.547,6.395,6.117,12.345,6.395,False,False,False,False
625,7.319,6.688,4.693,11.725,1.052,-4.693,19,7.265,6.945,4.693,8.412,1.547,6.395,6.117,12.345,6.395,False,False,False,False
626,7.253,7.001,4.693,11.725,1.072,-4.693,19,7.265,6.945,4.693,8.412,1.547,6.395,6.117,12.345,6.395,False,False,False,False
627,7.186,7.314,4.693,11.725,1.101,-4.693,19,7.265,6.945,4.693,8.412,1.547,6.395,6.117,12.345,6.395,False,False,False,False
628,7.120,7.626,4.718,11.725,1.171,-4.718,19,7.265,6.945,4.693,8.412,1.547,6.395,6.117,12.345,6.395,False,False,False,False
629,7.054,7.938,4.744,11.725,1.286,-4.744,19,7.265,6.945,4.693,8.412,1.547,6.395,6.117,12.345,6.395,False,False,False,False
630,6.988,8.249,4.782,11.725,1.472,-4.782,19,7.265,6.945,4.693,8.412,1.547,6.395,6.117,12.345,6.395,False,False,False,False
631,6.922,8.558,4.833,11.725,1.694,-4.833,19,7.265,6.945,4.693,8.412,1.547,6.395,6.117,12.345,6.395,False,False,False,False
632,6.856,8.867,4.886,11.725,1.913,-4.886,19,7.265,6.945,4.693,8.412,1.547,6.395,6.117,12.345,6.395,False,False,False,False
633,6.792,9.171,4.962,11.725,2.091,-4.962,19,7.265,6.945,4.693,8.412,1.547,6.395,6.117,12.345,6.395,False,False,False,False
634,6.727,9.475,5.038,11.725,2.275,-5.038,19,7.265,6.945,4.693,8.412,1.547,6.395,6.117,12.345,6.395,False,False,False,False
635,6.663,9.775,5.130,11.725,2.578,-5.130,19,7.265,6.945,4.693,8.412,1.547,6.395,6.117,12.345,6.395,False,False,False,False
636,6.600,10.071,5.230,11.725,2.914,-5.230,19,7.265,6.945,4.693,8.412,1.547,6.395,6.117,12.345,6.395,False,False,False,False
637,6.538,10.366,5.335,11.725,2.511,-5.335,19,7.265,6.945,4.693,8.412,1.547,6.395,6.117,12.345,6.395,False,False,False,False
638,6.476,10.655,5.460,11.725,2.165,-5.460,19,7.265,6.945,4.693,8.412,1.547,6.395,6.117,12.345,6.395,False,False,False,False
639,6.415,10.944,5.585,11.725,1.829,-5.585,19,7.265,6.945,4.693,8.412,1.547,6.395,6.117,12.345,6.395,False,False,False,False
640,6.355,11.225,5.727,11.725,1.502,-5.727,19,7.265,6.945,4.693,8.412,1.547,6.395,6.117,12.345,6.395,False,False,False,False
641,6.296,11.502,5.875,11.725,1.199,-5.875,19,7.265,6.945,4.693,8.412,1.547,6.395,6.117,12.345,6.395,False,False,False,False
642,6.238,11.777,6.030,11.725,0.928,-6.030,19,7.265,6.945,4.693,8.412,1.547,6.395,6.117,12.345,6.395,False,False,False,False
643,6.181,12.042,6.200,11.725,0.678,-6.200,19,7.265,6.945,4.693,8.412,1.547,6.395,6.117,12.345,6.395,False,False,False,False
644,8.784,1.960,6.224,11.717,0.482,-6.224,20,7.694,7.089,4.693,8.841,1.695,6.395,6.547,12.485,6.395,False,False,False,False
645,8.728,2.225,6.054,11.717,0.314,-6.054,20,7.694,7.089,4.693,8.841,1.695,6.395,6.547,12.485,6.395,False,False,False,False
646,8.670,2.497,5.896,11.717,0.234,-5.896,20,7.694,7.089,4.693,8.841,1.695,6.395,6.547,12.485,6.395,False,False,False,False
647,8.611,2.775,5.748,11.717,0.293,-5.748,20,7.694,7.089,4.693,8.841,1.695,6.395,6.547,12.485,6.395,False,False,False,False
648,8.552,3.054,5.603,11.717,0.496,-5.603,20,7.694,7.089,4.693,8.841,1.695,6.395,6.547,12.485,6.395,False,False,False,False
649,8.491,3.342,5.478,11.717,0.912,-5.478,20,7.694,7.089,4.693,8.841,1.695,6.395,6.547,12.485,6.395,False,False,False,False
650,8.429,3.630,5.354,11.717,1.493,-5.354,20,7.694,7.089,4.693,8.841,1.695,6.395,6.547,12.485,6.395,False,False,False,False
651,8.367,3.924,5.245,11.717,1.961,-5.245,20,7.694,7.089,4.693,8.841,1.695,6.395,6.547,12.485,6.395,False,False,False,False
652,8.304,4.221,5.144,11.717,2.636,-5.144,20,7.694,7.089,4.693,8.841,1.695,6.395,6.547,12.485,6.395,False,False,False,False
653,8.240,4.520,5.049,11.717,2.838,-5.049,20,7.694,7.089,4.693,8.841,1.695,6.395,6.547,12.485,6.395,False,False,False,False
654,8.176,4.824,4.973,11.717,2.315,-4.973,20,7.694,7.089,4.693,8.841,1.695,6.395,6.547,12.485,6.395,False,False,False,False
655,8.111,5.128,4.897,11.717,2.167,-4.897,20,7.694,7.089,4.693,8.841,1.695,6.395,6.547,12.485,6.395,False,False,False,False
656,8.046,5.436,4.840,11.717,1.982,-4.840,20,7.694,7.089,4.693,8.841,1.695,6.395,6.547,12.485,6.395,False,False,False,False
657,7.980,5.745,4.789,11.717,1.759,-4.789,20,7.694,7.089,4.693,8.841,1.695,6.395,6.547,12.485,6.395,False,False,False,False
658,7.914,6.055,4.747,11.717,1.576,-4.747,20,7.694,7.089,4.693,8.841,1.695,6.395,6.547,12.485,6.395,False,False,False,False
659,7.848,6.367,4.721,11.717,1.445,-4.721,20,7.694,7.089,4.693,8.841,1.695,6.395,6.547,12.485,6.395,False,False,False,False
660,7.781,6.679,4.696,11.717,1.508,-4.696,20,7.694,7.089,4.693,8.841,1.695,6.395,6.547,12.485,6.395,False,False,False,False
661,7.715,6.992,4.693,11.717,1.581,-4.693,20,7.694,7.089,4.693,8.841,1.695,6.395,6.547,12.485,6.395,False,False,False,False
662,7.648,7.305,4.693,11.717,1.617,-4.693,20,7.694,7.089,4.693,8.841,1.695,6.395,6.547,12.485,6.395,False,False,False,False
663,7.582,7.618,4.705,11.717,1.647,-4.705,20,7.694,7.089,4.693,8.841,1.695,6.395,6.547,12.485,6.395,False,False,False,False
664,7.515,7.930,4.731,11.717,1.687,-4.731,20,7.694,7.089,4.693,8.841,1.695,6.395,6.547,12.485,6.395,False,False,False,False
665,7.449,8.242,4.757,11.717,1.773,-4.757,20,7.694,7.089,4.693,8.841,1.695,6.395,6.547,12.485,6.395,False,False,False,False
666,7.383,8.551,4.808,11.717,1.900,-4.808,20,7.694,7.089,4.693,8.841,1.695,6.395,6.547,12.485,6.395,False,False,False,False
667,7.318,8.861,4.859,11.717,2.015,-4.859,20,7.694,7.089,4.693,8.841,1.695,6.395,6.547,12.485,6.395,False,False,False,False
668,7.253,9.167,4.925,11.717,2.134,-4.925,20,7.694,7.089,4.693,8.841,1.695,6.395,6.547,12.485,6.395,False,False,False,False
669,7.188,9.471,5.001,11.717,2.453,-5.001,20,7.694,7.089,4.693,8.841,1.695,6.395,6.547,12.485,6.395,False,False,False,False
670,7.124,9.774,5.081,11.717,2.828,-5.081,20,7.694,7.089,4.693,8.841,1.695,6.395,6.547,12.485,6.395,False,False,False,False
671,7.060,10.071,5.182,11.717,3.279,-5.182,20,7.694,7.089,4.693,8.841,1.695,6.395,6.547,12.485,6.395,False,False,False,False
672,6.997,10.367,5.283,11.717,2.406,-5.283,20,7.694,7.089,4.693,8.841,1.695,6.395,6.547,12.485,6.395,False,False,False,False
673,6.936,10.658,5.400,11.717,2.101,-5.400,20,7.694,7.089,4.693,8.841,1.695,6.395,6.547,12.485,6.395,False,False,False,False
674,6.874,10.947,5.525,11.717,1.789,-5.525,20,7.694,7.089,4.693,8.841,1.695,6.395,6.547,12.485,6.395,False,False,False,False
675,6.813,11.233,5.656,11.717,1.485,-5.656,20,7.694,7.089,4.693,8.841,1.695,6.395,6.547,12.485,6.395,False,False,False,False
676,6.754,11.511,5.804,11.717,1.202,-5.804,20,7.694,7.089,4.693,8.841,1.695,6.395,6.547,12.485,6.395,False,False,False,False
677,6.695,11.789,5.953,11.717,0.930,-5.953,20,7.694,7.089,4.693,8.841,1.695,6.395,6.547,12.485,6.395,False,False,False,False
678,6.638,12.056,6.119,11.717,0.700,-6.119,20,7.694,7.089,4.693,8.841,1.695,6.395,6.547,12.485,6.395,False,False,False,False
679,9.184,2.244,6.139,11.709,0.509,-6.139,21,8.123,7.235,4.693,9.269,1.846,6.395,6.977,12.627,6.395,False,False,False,False
680,9.128,2.509,5.970,11.709,0.381,-5.970,21,8.123,7.235,4.693,9.269,1.846,6.395,6.977,12.627,6.395,False,False,False,False
681,9.069,2.787,5.822,11.709,0.295,-5.822,21,8.123,7.235,4.693,9.269,1.846,6.395,6.977,12.627,6.395,False,False,False,False
682,9.010,3.064,5.674,11.709,0.340,-5.674,21,8.123,7.235,4.693,9.269,1.846,6.395,6.977,12.627,6.395,False,False,False,False
683,8.949,3.348,5.540,11.709,0.561,-5.540,21,8.123,7.235,4.693,9.269,1.846,6.395,6.977,12.627,6.395,False,False,False,False
684,8.888,3.637,5.415,11.709,0.993,-5.415,21,8.123,7.235,4.693,9.269,1.846,6.395,6.977,12.627,6.395,False,False,False,False
685,8.827,3.926,5.295,11.709,1.493,-5.295,21,8.123,7.235,4.693,9.269,1.846,6.395,6.977,12.627,6.395,False,False,False,False
686,8.763,4.223,5.194,11.709,1.876,-5.194,21,8.123,7.235,4.693,9.269,1.846,6.395,6.977,12.627,6.395,False,False,False,False
687,8.700,4.520,5.093,11.709,2.076,-5.093,21,8.123,7.235,4.693,9.269,1.846,6.395,6.977,12.627,6.395,False,False,False,False
688,8.636,4.823,5.010,11.709,2.194,-5.010,21,8.123,7.235,4.693,9.269,1.846,6.395,6.977,12.627,6.395,False,False,False,False
689,8.571,5.126,4.934,11.709,2.169,-4.934,21,8.123,7.235,4.693,9.269,1.846,6.395,6.977,12.627,6.395,False,False,False,False
690,8.507,5.432,4.865,11.709,2.093,-4.865,21,8.123,7.235,4.693,9.269,1.846,6.395,6.977,12.627,6.395,False,False,False,False
691,8.441,5.741,4.814,11.709,1.984,-4.814,21,8.123,7.235,4.693,9.269,1.846,6.395,6.977,12.627,6.395,False,False,False,False
692,8.375,6.050,4.763,11.709,1.855,-4.763,21,8.123,7.235,4.693,9.269,1.846,6.395,6.977,12.627,6.395,False,False,False,False
693,8.309,6.362,4.734,11.709,1.879,-4.734,21,8.123,7.235,4.693,9.269,1.846,6.395,6.977,12.627,6.395,False,False,False,False
694,8.243,6.674,4.708,11.709,2.029,-4.708,21,8.123,7.235,4.693,9.269,1.846,6.395,6.977,12.627,6.395,False,False,False,False
695,8.176,6.986,4.693,11.709,2.209,-4.693,21,8.123,7.235,4.693,9.269,1.846,6.395,6.977,12.627,6.395,False,False,False,False
696,8.110,7.299,4.693,11.709,2.362,-4.693,21,8.123,7.235,4.693,9.269,1.846,6.395,6.977,12.627,6.395,False,False,False,False
697,8.043,7.612,4.693,11.709,2.470,-4.693,21,8.123,7.235,4.693,9.269,1.846,6.395,6.977,12.627,6.395,False,False,False,False
698,7.977,7.924,4.719,11.709,2.539,-4.719,21,8.123,7.235,4.693,9.269,1.846,6.395,6.977,12.627,6.395,False,False,False,False
699,7.910,8.236,4.744,11.709,2.593,-4.744,21,8.123,7.235,4.693,9.269,1.846,6.395,6.977,12.627,6.395,False,False,False,False
700,7.844,8.547,4.784,11.709,2.615,-4.784,21,8.123,7.235,4.693,9.269,1.846,6.395,6.977,12.627,6.395,False,False,False,False
701,7.779,8.856,4.835,11.709,2.120,-4.835,21,8.123,7.235,4.693,9.269,1.846,6.395,6.977,12.627,6.395,False,False,False,False
702,7.713,9.164,4.888,11.709,1.853,-4.888,21,8.123,7.235,4.693,9.269,1.846,6.395,6.977,12.627,6.395,False,False,False,False
703,7.649,9.468,4.965,11.709,1.590,-4.965,21,8.123,7.235,4.693,9.269,1.846,6.395,6.977,12.627,6.395,False,False,False,False
704,7.584,9.773,5.041,11.709,1.339,-5.041,21,8.123,7.235,4.693,9.269,1.846,6.395,6.977,12.627,6.395,False,False,False,False
705,7.520,10.072,5.134,11.709,1.108,-5.134,21,8.123,7.235,4.693,9.269,1.846,6.395,6.977,12.627,6.395,False,False,False,False
706,7.457,10.368,5.234,11.709,0.914,-5.234,21,8.123,7.235,4.693,9.269,1.846,6.395,6.977,12.627,6.395,False,False,False,False
707,7.395,10.663,5.340,11.709,0.759,-5.340,21,8.123,7.235,4.693,9.269,1.846,6.395,6.977,12.627,6.395,False,False,False,False
708,7.333,10.952,5.465,11.709,0.657,-5.465,21,8.123,7.235,4.693,9.269,1.846,6.395,6.977,12.627,6.395,False,False,False,False
709,7.272,11.241,5.591,11.709,0.590,-5.591,21,8.123,7.235,4.693,9.269,1.846,6.395,6.977,12.627,6.395,False,False,False,False
710,7.212,11.521,5.734,11.709,0.589,-5.734,21,8.123,7.235,4.693,9.269,1.846,6.395,6.977,12.627,6.395,False,False,False,False
711,7.153,11.798,5.882,11.709,0.653,-5.882,21,8.123,7.235,4.693,9.269,1.846,6.395,6.977,12.627,6.395,False,False,False,False
712,7.095,12.072,6.038,11.709,0.904,-6.038,21,8.123,7.235,4.693,9.269,1.846,6.395,6.977,12.627,6.395,False,False,False,False
713,7.039,12.337,6.209,11.709,1.248,-6.209,21,8.123,7.235,4.693,9.269,1.846,6.395,6.977,12.627,6.395,False,False,False,False
714,9.643,2.248,6.200,10.192,1.565,-6.200,22,8.721,6.589,4.694,9.696,1.999,6.395,7.745,11.179,6.395,False,False,False,False
715,9.589,2.505,6.000,10.192,1.715,-6.000,22,8.721,6.589,4.694,9.696,1.999,6.395,7.745,11.179,6.395,False,False,False,False
716,9.531,2.778,5.822,10.192,1.794,-5.822,22,8.721,6.589,4.694,9.696,1.999,6.395,7.745,11.179,6.395,False,False,False,False
717,9.472,3.053,5.646,10.192,1.806,-5.646,22,8.721,6.589,4.694,9.696,1.999,6.395,7.745,11.179,6.395,False,False,False,False
718,9.411,3.340,5.494,10.192,1.732,-5.494,22,8.721,6.589,4.694,9.696,1.999,6.395,7.745,11.179,6.395,False,False,False,False
719,9.350,3.630,5.345,10.192,1.626,-5.345,22,8.721,6.589,4.694,9.696,1.999,6.395,7.745,11.179,6.395,False,False,False,False
720,9.286,3.929,5.220,10.192,1.530,-5.220,22,8.721,6.589,4.694,9.696,1.999,6.395,7.745,11.179,6.395,False,False,False,False
721,9.222,4.230,5.099,10.192,1.610,-5.099,22,8.721,6.589,4.694,9.696,1.999,6.395,7.745,11.179,6.395,False,False,False,False
722,9.156,4.539,5.001,10.192,1.829,-5.001,22,8.721,6.589,4.694,9.696,1.999,6.395,7.745,11.179,6.395,False,False,False,False
723,9.090,4.851,4.909,10.192,1.998,-4.909,22,8.721,6.589,4.694,9.696,1.999,6.395,7.745,11.179,6.395,False,False,False,False
724,9.023,5.167,4.839,10.192,2.105,-4.839,22,8.721,6.589,4.694,9.696,1.999,6.395,7.745,11.179,6.395,False,False,False,False
725,8.955,5.485,4.778,10.192,2.160,-4.778,22,8.721,6.589,4.694,9.696,1.999,6.395,7.745,11.179,6.395,False,False,False,False
726,8.887,5.806,4.737,10.192,2.157,-4.737,22,8.721,6.589,4.694,9.696,1.999,6.395,7.745,11.179,6.395,False,False,False,False
727,8.819,6.128,4.706,10.192,2.055,-4.706,22,8.721,6.589,4.694,9.696,1.999,6.395,7.745,11.179,6.395,False,False,False,False
728,8.750,6.451,4.694,10.192,1.956,-4.694,22,8.721,6.589,4.694,9.696,1.999,6.395,7.745,11.179,6.395,False,False,False,False
729,8.681,6.774,4.694,10.192,1.939,-4.694,22,8.721,6.589,4.694,9.696,1.999,6.395,7.745,11.179,6.395,False,False,False,False
730,8.613,7.097,4.710,10.192,2.011,-4.710,22,8.721,6.589,4.694,9.696,1.999,6.395,7.745,11.179,6.395,False,False,False,False
731,8.544,7.419,4.741,10.192,2.092,-4.741,22,8.721,6.589,4.694,9.696,1.999,6.395,7.745,11.179,6.395,False,False,False,False
732,8.476,7.739,4.787,10.192,2.321,-4.787,22,8.721,6.589,4.694,9.696,1.999,6.395,7.745,11.179,6.395,False,False,False,False
733,8.408,8.058,4.848,10.192,2.615,-4.848,22,8.721,6.589,4.694,9.696,1.999,6.395,7.745,11.179,6.395,False,False,False,False
734,8.341,8.373,4.923,10.192,3.173,-4.923,22,8.721,6.589,4.694,9.696,1.999,6.395,7.745,11.179,6.395,False,False,False,False
735,8.275,8.684,5.014,10.192,2.128,-5.014,22,8.721,6.589,4.694,9.696,1.999,6.395,7.745,11.179,6.395,False,False,False,False
736,8.210,8.991,5.116,10.192,1.890,-5.116,22,8.721,6.589,4.694,9.696,1.999,6.395,7.745,11.179,6.395,False,False,False,False
737,8.146,9.293,5.237,10.192,1.627,-5.237,22,8.721,6.589,4.694,9.696,1.999,6.395,7.745,11.179,6.395,False,False,False,False
738,8.083,9.591,5.367,10.192,1.391,-5.367,22,8.721,6.589,4.694,9.696,1.999,6.395,7.745,11.179,6.395,False,False,False,False
739,8.021,9.880,5.516,10.192,1.160,-5.516,22,8.721,6.589,4.694,9.696,1.999,6.395,7.745,11.179,6.395,False,False,False,False
740,7.960,10.165,5.672,10.192,0.997,-5.672,22,8.721,6.589,4.694,9.696,1.999,6.395,7.745,11.179,6.395,False,False,False,False
741,7.902,10.440,5.848,10.192,0.859,-5.848,22,8.721,6.589,4.694,9.696,1.999,6.395,7.745,11.179,6.395,False,False,False,False
742,7.844,10.711,6.029,10.192,0.768,-6.029,22,8.721,6.589,4.694,9.696,1.999,6.395,7.745,11.179,6.395,False,False,False,False
743,10.039,2.551,6.140,11.733,0.705,-6.140,23,8.975,7.555,4.693,10.123,2.154,6.395,7.827,12.959,6.395,False,False,False,False
744,9.981,2.825,5.966,11.733,0.677,-5.966,23,8.975,7.555,4.693,10.123,2.154,6.395,7.827,12.959,6.395,False,False,False,False
745,9.920,3.111,5.814,11.733,0.669,-5.814,23,8.975,7.555,4.693,10.123,2.154,6.395,7.827,12.959,6.395,False,False,False,False
746,9.859,3.397,5.662,11.733,0.715,-5.662,23,8.975,7.555,4.693,10.123,2.154,6.395,7.827,12.959,6.395,False,False,False,False
747,9.797,3.690,5.527,11.733,0.913,-5.527,23,8.975,7.555,4.693,10.123,2.154,6.395,7.827,12.959,6.395,False,False,False,False
748,9.734,3.987,5.399,11.733,1.135,-5.399,23,8.975,7.555,4.693,10.123,2.154,6.395,7.827,12.959,6.395,False,False,False,False
749,9.670,4.287,5.278,11.733,1.285,-5.278,23,8.975,7.555,4.693,10.123,2.154,6.395,7.827,12.959,6.395,False,False,False,False
750,9.605,4.593,5.175,11.733,1.365,-5.175,23,8.975,7.555,4.693,10.123,2.154,6.395,7.827,12.959,6.395,False,False,False,False
751,9.540,4.899,5.071,11.733,1.385,-5.071,23,8.975,7.555,4.693,10.123,2.154,6.395,7.827,12.959,6.395,False,False,False,False
752,9.474,5.211,4.992,11.733,1.342,-4.992,23,8.975,7.555,4.693,10.123,2.154,6.395,7.827,12.959,6.395,False,False,False,False
753,9.407,5.524,4.913,11.733,1.252,-4.913,23,8.975,7.555,4.693,10.123,2.154,6.395,7.827,12.959,6.395,False,False,False,False
754,9.340,5.840,4.850,11.733,1.173,-4.850,23,8.975,7.555,4.693,10.123,2.154,6.395,7.827,12.959,6.395,False,False,False,False
755,9.272,6.158,4.798,11.733,1.406,-4.798,23,8.975,7.555,4.693,10.123,2.154,6.395,7.827,12.959,6.395,False,False,False,False
756,9.204,6.477,4.751,11.733,1.703,-4.751,23,8.975,7.555,4.693,10.123,2.154,6.395,7.827,12.959,6.395,False,False,False,False
757,9.136,6.798,4.724,11.733,1.964,-4.724,23,8.975,7.555,4.693,10.123,2.154,6.395,7.827,12.959,6.395,False,False,False,False
758,9.068,7.120,4.698,11.733,2.083,-4.698,23,8.975,7.555,4.693,10.123,2.154,6.395,7.827,12.959,6.395,False,False,False,False
759,8.999,7.442,4.693,11.733,2.153,-4.693,23,8.975,7.555,4.693,10.123,2.154,6.395,7.827,12.959,6.395,False,False,False,False
760,8.931,7.764,4.693,11.733,2.154,-4.693,23,8.975,7.555,4.693,10.123,2.154,6.395,7.827,12.959,6.395,False,False,False,False
761,8.863,8.085,4.705,11.733,2.059,-4.705,23,8.975,7.555,4.693,10.123,2.154,6.395,7.827,12.959,6.395,False,False,False,False
762,8.794,8.407,4.732,11.733,1.936,-4.732,23,8.975,7.555,4.693,10.123,2.154,6.395,7.827,12.959,6.395,False,False,False,False
763,8.726,8.728,4.760,11.733,1.855,-4.760,23,8.975,7.555,4.693,10.123,2.154,6.395,7.827,12.959,6.395,False,False,False,False
764,8.658,9.046,4.813,11.733,1.910,-4.813,23,8.975,7.555,4.693,10.123,2.154,6.395,7.827,12.959,6.395,False,False,False,False
765,8.591,9.364,4.865,11.733,2.017,-4.865,23,8.975,7.555,4.693,10.123,2.154,6.395,7.827,12.959,6.395,False,False,False,False
766,8.524,9.679,4.936,11.733,2.147,-4.936,23,8.975,7.555,4.693,10.123,2.154,6.395,7.827,12.959,6.395,False,False,False,False
767,8.457,9.992,5.014,11.733,2.331,-5.014,23,8.975,7.555,4.693,10.123,2.154,6.395,7.827,12.959,6.395,False,False,False,False
768,8.391,10.303,5.101,11.733,2.804,-5.101,23,8.975,7.555,4.693,10.123,2.154,6.395,7.827,12.959,6.395,False,False,False,False
769,8.326,10.608,5.205,11.733,1.976,-5.205,23,8.975,7.555,4.693,10.123,2.154,6.395,7.827,12.959,6.395,False,False,False,False
770,8.262,10.913,5.308,11.733,1.733,-5.308,23,8.975,7.555,4.693,10.123,2.154,6.395,7.827,12.959,6.395,False,False,False,False
771,8.198,11.211,5.436,11.733,1.496,-5.436,23,8.975,7.555,4.693,10.123,2.154,6.395,7.827,12.959,6.395,False,False,False,False
772,8.135,11.508,5.564,11.733,1.266,-5.564,23,8.975,7.555,4.693,10.123,2.154,6.395,7.827,12.959,6.395,False,False,False,False
773,8.073,11.799,5.706,11.733,1.092,-5.706,23,8.975,7.555,4.693,10.123,2.154,6.395,7.827,12.959,6.395,False,False,False,False
774,8.012,12.085,5.859,11.733,0.953,-5.859,23,8.975,7.555,4.693,10.123,2.154,6.395,7.827,12.959,6.395,False,False,False,False
775,7.952,12.368,6.016,11.733,0.841,-6.016,23,8.975,7.555,4.693,10.123,2.154,6.395,7.827,12.959,6.395,False,False,False,False
776,7.894,12.641,6.191,11.733,0.776,-6.191,23,8.975,7.555,4.693,10.123,2.154,6.395,7.827,12.959,6.395,False,False,False,False
777,10.494,2.575,6.225,11.780,0.731,-6.225,24,9.397,7.736,4.693,10.550,2.309,6.395,8.243,13.163,6.395,False,False,False,False
778,10.436,2.848,6.051,11.780,0.705,-6.051,24,9.397,7.736,4.693,10.550,2.309,6.395,8.243,13.163,6.395,False,False,False,False
779,10.376,3.129,5.890,11.780,0.698,-5.890,24,9.397,7.736,4.693,10.550,2.309,6.395,8.243,13.163,6.395,False,False,False,False
780,10.315,3.415,5.738,11.780,0.733,-5.738,24,9.397,7.736,4.693,10.550,2.309,6.395,8.243,13.163,6.395,False,False,False,False
781,10.254,3.704,5.592,11.780,0.839,-5.592,24,9.397,7.736,4.693,10.550,2.309,6.395,8.243,13.163,6.395,False,False,False,False
782,10.191,4.001,5.464,11.780,0.919,-5.464,24,9.397,7.736,4.693,10.550,2.309,6.395,8.243,13.163,6.395,False,False,False,False
783,10.128,4.298,5.336,11.780,0.962,-5.336,24,9.397,7.736,4.693,10.550,2.309,6.395,8.243,13.163,6.395,False,False,False,False
784,10.063,4.602,5.228,11.780,0.951,-5.228,24,9.397,7.736,4.693,10.550,2.309,6.395,8.243,13.163,6.395,False,False,False,False
785,9.998,4.908,5.125,11.780,0.881,-5.125,24,9.397,7.736,4.693,10.550,2.309,6.395,8.243,13.163,6.395,False,False,False,False
786,9.932,5.217,5.033,11.780,0.791,-5.033,24,9.397,7.736,4.693,10.550,2.309,6.395,8.243,13.163,6.395,False,False,False,False
787,9.866,5.530,4.955,11.780,0.693,-4.955,24,9.397,7.736,4.693,10.550,2.309,6.395,8.243,13.163,6.395,False,False,False,False
788,9.799,5.843,4.878,11.780,0.755,-4.878,24,9.397,7.736,4.693,10.550,2.309,6.395,8.243,13.163,6.395,False,False,False,False
789,9.732,6.161,4.826,11.780,0.964,-4.826,24,9.397,7.736,4.693,10.550,2.309,6.395,8.243,13.163,6.395,False,False,False,False
790,9.664,6.480,4.774,11.780,1.500,-4.774,24,9.397,7.736,4.693,10.550,2.309,6.395,8.243,13.163,6.395,False,False,False,False
791,9.596,6.800,4.739,11.780,1.765,-4.739,24,9.397,7.736,4.693,10.550,2.309,6.395,8.243,13.163,6.395,False,False,False,False
792,9.528,7.121,4.712,11.780,1.956,-4.712,24,9.397,7.736,4.693,10.550,2.309,6.395,8.243,13.163,6.395,False,False,False,False
793,9.459,7.443,4.693,11.780,2.023,-4.693,24,9.397,7.736,4.693,10.550,2.309,6.395,8.243,13.163,6.395,False,False,False,False
794,9.391,7.765,4.693,11.780,2.022,-4.693,24,9.397,7.736,4.693,10.550,2.309,6.395,8.243,13.163,6.395,False,False,False,False
795,9.322,8.087,4.693,11.780,1.923,-4.693,24,9.397,7.736,4.693,10.550,2.309,6.395,8.243,13.163,6.395,False,False,False,False
796,9.254,8.408,4.717,11.780,1.779,-4.717,24,9.397,7.736,4.693,10.550,2.309,6.395,8.243,13.163,6.395,False,False,False,False
797,9.186,8.729,4.743,11.780,1.705,-4.743,24,9.397,7.736,4.693,10.550,2.309,6.395,8.243,13.163,6.395,False,False,False,False
798,9.118,9.049,4.783,11.780,1.749,-4.783,24,9.397,7.736,4.693,10.550,2.309,6.395,8.243,13.163,6.395,False,False,False,False
799,9.050,9.367,4.835,11.780,1.887,-4.835,24,9.397,7.736,4.693,10.550,2.309,6.395,8.243,13.163,6.395,False,False,False,False
800,8.983,9.685,4.891,11.780,2.018,-4.891,24,9.397,7.736,4.693,10.550,2.309,6.395,8.243,13.163,6.395,False,False,False,False
801,8.916,9.998,4.969,11.780,2.177,-4.969,24,9.397,7.736,4.693,10.550,2.309,6.395,8.243,13.163,6.395,False,False,False,False
802,8.850,10.311,5.047,11.780,2.498,-5.047,24,9.397,7.736,4.693,10.550,2.309,6.395,8.243,13.163,6.395,False,False,False,False
803,8.784,10.619,5.143,11.780,3.097,-5.143,24,9.397,7.736,4.693,10.550,2.309,6.395,8.243,13.163,6.395,False,False,False,False
804,8.719,10.924,5.246,11.780,2.011,-5.246,24,9.397,7.736,4.693,10.550,2.309,6.395,8.243,13.163,6.395,False,False,False,False
805,8.655,11.227,5.358,11.780,1.759,-5.358,24,9.397,7.736,4.693,10.550,2.309,6.395,8.243,13.163,6.395,False,False,False,False
806,8.592,11.524,5.486,11.780,1.503,-5.486,24,9.397,7.736,4.693,10.550,2.309,6.395,8.243,13.163,6.395,False,False,False,False
807,8.528,11.822,5.614,11.780,1.237,-5.614,24,9.397,7.736,4.693,10.550,2.309,6.395,8.243,13.163,6.395,False,False,False,False
808,8.468,12.109,5.765,11.780,1.040,-5.765,24,9.397,7.736,4.693,10.550,2.309,6.395,8.243,13.163,6.395,False,False,False,False
809,8.407,12.395,5.917,11.780,0.890,-5.917,24,9.397,7.736,4.693,10.550,2.309,6.395,8.243,13.163,6.395,False,False,False,False
810,8.347,12.674,6.082,11.780,0.782,-6.082,24,9.397,7.736,4.693,10.550,2.309,6.395,8.243,13.163,6.395,False,False,False,False
811,10.892,2.866,6.142,11.827,0.713,-6.142,25,9.819,7.917,4.693,10.977,2.467,6.395,8.660,13.369,6.395,False,False,False,False
812,10.836,3.132,5.974,11.827,0.667,-5.974,25,9.819,7.917,4.693,10.977,2.467,6.395,8.660,13.369,6.395,False,False,False,False
813,10.776,3.410,5.827,11.827,0.637,-5.827,25,9.819,7.917,4.693,10.977,2.467,6.395,8.660,13.369,6.395,False,False,False,False
814,10.717,3.689,5.680,11.827,0.636,-5.680,25,9.819,7.917,4.693,10.977,2.467,6.395,8.660,13.369,6.395,False,False,False,False
815,10.657,3.973,5.547,11.827,0.662,-5.547,25,9.819,7.917,4.693,10.977,2.467,6.395,8.660,13.369,6.395,False,False,False,False
816,10.596,4.261,5.423,11.827,0.757,-5.423,25,9.819,7.917,4.693,10.977,2.467,6.395,8.660,13.369,6.395,False,False,False,False
817,10.534,4.551,5.302,11.827,0.831,-5.302,25,9.819,7.917,4.693,10.977,2.467,6.395,8.660,13.369,6.395,False,False,False,False
818,10.471,4.848,5.202,11.827,0.837,-5.202,25,9.819,7.917,4.693,10.977,2.467,6.395,8.660,13.369,6.395,False,False,False,False
819,10.408,5.146,5.102,11.827,0.787,-5.102,25,9.819,7.917,4.693,10.977,2.467,6.395,8.660,13.369,6.395,False,False,False,False
820,10.343,5.448,5.018,11.827,0.656,-5.018,25,9.819,7.917,4.693,10.977,2.467,6.395,8.660,13.369,6.395,False,False,False,False
821,10.279,5.752,4.943,11.827,0.512,-4.943,25,9.819,7.917,4.693,10.977,2.467,6.395,8.660,13.369,6.395,False,False,False,False
822,10.214,6.057,4.872,11.827,0.425,-4.872,25,9.819,7.917,4.693,10.977,2.467,6.395,8.660,13.369,6.395,False,False,False,False
823,10.148,6.366,4.821,11.827,0.396,-4.821,25,9.819,7.917,4.693,10.977,2.467,6.395,8.660,13.369,6.395,False,False,False,False
824,10.083,6.675,4.770,11.827,0.538,-4.770,25,9.819,7.917,4.693,10.977,2.467,6.395,8.660,13.369,6.395,False,False,False,False
825,10.016,6.986,4.738,11.827,0.850,-4.738,25,9.819,7.917,4.693,10.977,2.467,6.395,8.660,13.369,6.395,False,False,False,False
826,9.950,7.299,4.712,11.827,1.300,-4.712,25,9.819,7.917,4.693,10.977,2.467,6.395,8.660,13.369,6.395,False,False,False,False
827,9.884,7.611,4.693,11.827,1.549,-4.693,25,9.819,7.917,4.693,10.977,2.467,6.395,8.660,13.369,6.395,False,False,False,False
828,9.817,7.923,4.693,11.827,1.686,-4.693,25,9.819,7.917,4.693,10.977,2.467,6.395,8.660,13.369,6.395,False,False,False,False
829,9.751,8.236,4.693,11.827,1.720,-4.693,25,9.819,7.917,4.693,10.977,2.467,6.395,8.660,13.369,6.395,False,False,False,False
830,9.684,8.549,4.713,11.827,1.651,-4.713,25,9.819,7.917,4.693,10.977,2.467,6.395,8.660,13.369,6.395,False,False,False,False
831,9.618,8.861,4.739,11.827,1.518,-4.739,25,9.819,7.917,4.693,10.977,2.467,6.395,8.660,13.369,6.395,False,False,False,False
832,9.552,9.172,4.772,11.827,1.450,-4.772,25,9.819,7.917,4.693,10.977,2.467,6.395,8.660,13.369,6.395,False,False,False,False
833,9.486,9.481,4.823,11.827,1.476,-4.823,25,9.819,7.917,4.693,10.977,2.467,6.395,8.660,13.369,6.395,False,False,False,False
834,9.420,9.790,4.873,11.827,1.643,-4.873,25,9.819,7.917,4.693,10.977,2.467,6.395,8.660,13.369,6.395,False,False,False,False
835,9.356,10.095,4.945,11.827,1.834,-4.945,25,9.819,7.917,4.693,10.977,2.467,6.395,8.660,13.369,6.395,False,False,False,False
836,9.291,10.400,5.021,11.827,2.023,-5.021,25,9.819,7.917,4.693,10.977,2.467,6.395,8.660,13.369,6.395,False,False,False,False
837,9.227,10.701,5.106,11.827,2.268,-5.106,25,9.819,7.917,4.693,10.977,2.467,6.395,8.660,13.369,6.395,False,False,False,False
838,9.164,10.998,5.206,11.827,2.706,-5.206,25,9.819,7.917,4.693,10.977,2.467,6.395,8.660,13.369,6.395,False,False,False,False
839,9.101,11.295,5.305,11.827,3.251,-5.305,25,9.819,7.917,4.693,10.977,2.467,6.395,8.660,13.369,6.395,False,False,False,False
840,9.039,11.584,5.428,11.827,1.801,-5.428,25,9.819,7.917,4.693,10.977,2.467,6.395,8.660,13.369,6.395,False,False,False,False
841,8.978,11.873,5.551,11.827,1.476,-5.551,25,9.819,7.917,4.693,10.977,2.467,6.395,8.660,13.369,6.395,False,False,False,False
842,8.917,12.158,5.686,11.827,1.175,-5.686,25,9.819,7.917,4.693,10.977,2.467,6.395,8.660,13.369,6.395,False,False,False,False
843,8.858,12.436,5.833,11.827,0.922,-5.833,25,9.819,7.917,4.693,10.977,2.467,6.395,8.660,13.369,6.395,False,False,False,False
844,8.799,12.715,5.980,11.827,0.716,-5.980,25,9.819,7.917,4.693,10.977,2.467,6.395,8.660,13.369,6.395,False,False,False,False
845,8.742,12.980,6.148,11.827,0.582,-6.148,25,9.819,7.917,4.693,10.977,2.467,6.395,8.660,13.369,6.395,False,False,False,False
846,11.346,2.893,6.226,11.871,0.493,-6.226,26,10.240,8.100,4.693,11.403,2.627,6.395,9.076,13.574,6.395,False,False,False,False
847,11.290,3.159,6.058,11.871,0.460,-6.058,26,10.240,8.100,4.693,11.403,2.627,6.395,9.076,13.574,6.395,False,False,False,False
848,11.232,3.432,5.902,11.871,0.430,-5.902,26,10.240,8.100,4.693,11.403,2.627,6.395,9.076,13.574,6.395,False,False,False,False
849,11.173,3.710,5.756,11.871,0.435,-5.756,26,10.240,8.100,4.693,11.403,2.627,6.395,9.076,13.574,6.395,False,False,False,False
850,11.113,3.989,5.611,11.871,0.455,-5.611,26,10.240,8.100,4.693,11.403,2.627,6.395,9.076,13.574,6.395,False,False,False,False
851,11.052,4.278,5.488,11.871,0.542,-5.488,26,10.240,8.100,4.693,11.403,2.627,6.395,9.076,13.574,6.395,False,False,False,False
852,10.991,4.567,5.364,11.871,0.654,-5.364,26,10.240,8.100,4.693,11.403,2.627,6.395,9.076,13.574,6.395,False,False,False,False
853,10.928,4.861,5.255,11.871,0.689,-5.255,26,10.240,8.100,4.693,11.403,2.627,6.395,9.076,13.574,6.395,False,False,False,False
854,10.865,5.158,5.155,11.871,0.598,-5.155,26,10.240,8.100,4.693,11.403,2.627,6.395,9.076,13.574,6.395,False,False,False,False
855,10.802,5.457,5.059,11.871,0.405,-5.059,26,10.240,8.100,4.693,11.403,2.627,6.395,9.076,13.574,6.395,False,False,False,False
856,10.737,5.761,4.983,11.871,0.227,-4.983,26,10.240,8.100,4.693,11.403,2.627,6.395,9.076,13.574,6.395,False,False,False,False
857,10.672,6.065,4.908,11.871,0.098,-4.908,26,10.240,8.100,4.693,11.403,2.627,6.395,9.076,13.574,6.395,False,False,False,False
858,10.607,6.372,4.849,11.871,0.163,-4.849,26,10.240,8.100,4.693,11.403,2.627,6.395,9.076,13.574,6.395,False,False,False,False
859,10.541,6.681,4.798,11.871,0.316,-4.798,26,10.240,8.100,4.693,11.403,2.627,6.395,9.076,13.574,6.395,False,False,False,False
860,10.475,6.991,4.752,11.871,0.602,-4.752,26,10.240,8.100,4.693,11.403,2.627,6.395,9.076,13.574,6.395,False,False,False,False
861,10.409,7.303,4.727,11.871,0.892,-4.727,26,10.240,8.100,4.693,11.403,2.627,6.395,9.076,13.574,6.395,False,False,False,False
862,10.343,7.615,4.701,11.871,1.161,-4.701,26,10.240,8.100,4.693,11.403,2.627,6.395,9.076,13.574,6.395,False,False,False,False
863,10.276,7.928,4.693,11.871,1.245,-4.693,26,10.240,8.100,4.693,11.403,2.627,6.395,9.076,13.574,6.395,False,False,False,False
864,10.210,8.241,4.693,11.871,1.226,-4.693,26,10.240,8.100,4.693,11.403,2.627,6.395,9.076,13.574,6.395,False,False,False,False
865,10.143,8.554,4.699,11.871,1.126,-4.699,26,10.240,8.100,4.693,11.403,2.627,6.395,9.076,13.574,6.395,False,False,False,False
866,10.077,8.866,4.724,11.871,1.059,-4.724,26,10.240,8.100,4.693,11.403,2.627,6.395,9.076,13.574,6.395,False,False,False,False
867,10.010,9.179,4.749,11.871,1.054,-4.749,26,10.240,8.100,4.693,11.403,2.627,6.395,9.076,13.574,6.395,False,False,False,False
868,9.945,9.489,4.793,11.871,1.221,-4.793,26,10.240,8.100,4.693,11.403,2.627,6.395,9.076,13.574,6.395,False,False,False,False
869,9.879,9.798,4.844,11.871,1.488,-4.844,26,10.240,8.100,4.693,11.403,2.627,6.395,9.076,13.574,6.395,False,False,False,False
870,9.813,10.105,4.901,11.871,1.766,-4.901,26,10.240,8.100,4.693,11.403,2.627,6.395,9.076,13.574,6.395,False,False,False,False
871,9.749,10.410,4.976,11.871,2.051,-4.976,26,10.240,8.100,4.693,11.403,2.627,6.395,9.076,13.574,6.395,False,False,False,False
872,9.684,10.714,5.051,11.871,2.342,-5.051,26,10.240,8.100,4.693,11.403,2.627,6.395,9.076,13.574,6.395,False,False,False,False
873,9.621,11.013,5.146,11.871,2.945,-5.146,26,10.240,8.100,4.693,11.403,2.627,6.395,9.076,13.574,6.395,False,False,False,False
874,9.557,11.310,5.245,11.871,0.000,-5.245,26,10.240,8.100,4.693,11.403,2.627,6.395,9.076,13.574,6.395,False,False,False,False
875,9.495,11.604,5.352,11.871,0.000,-5.352,26,10.240,8.100,4.693,11.403,2.627,6.395,9.076,13.574,6.395,False,False,False,False
876,9.433,11.893,5.475,11.871,0.000,-5.475,26,10.240,8.100,4.693,11.403,2.627,6.395,9.076,13.574,6.395,False,False,False,False
877,9.372,12.183,5.599,11.871,0.000,-5.599,26,10.240,8.100,4.693,11.403,2.627,6.395,9.076,13.574,6.395,False,False,False,False
878,9.312,12.463,5.741,11.871,0.000,-5.741,26,10.240,8.100,4.693,11.403,2.627,6.395,9.076,13.574,6.395,False,False,False,False
879,9.253,12.742,5.888,11.871,0.000,-5.888,26,10.240,8.100,4.693,11.403,2.627,6.395,9.076,13.574,6.395,False,False,False,False
880,9.195,13.016,6.042,11.871,0.000,-6.042,26,10.240,8.100,4.693,11.403,2.627,6.395,9.076,13.574,6.395,False,False,False,False
881,9.138,13.282,6.210,11.871,0.000,-6.210,26,10.240,8.100,4.693,11.403,2.627,6.395,9.076,13.574,6.395,False,False,False,False
882,11.744,3.189,6.143,11.913,0.000,-6.143,27,10.661,8.284,4.693,11.829,2.789,6.395,9.492,13.780,6.395,False,False,False,False
883,11.685,3.464,5.972,11.913,0.000,-5.972,27,10.661,8.284,4.693,11.829,2.789,6.395,9.492,13.780,6.395,False,False,False,False
884,11.624,3.751,5.822,11.913,0.000,-5.822,27,10.661,8.284,4.693,11.829,2.789,6.395,9.492,13.780,6.395,False,False,False,False
885,11.563,4.038,5.672,11.913,0.000,-5.672,27,10.661,8.284,4.693,11.829,2.789,6.395,9.492,13.780,6.395,False,False,False,False
886,11.501,4.331,5.537,11.913,0.000,-5.537,27,10.661,8.284,4.693,11.829,2.789,6.395,9.492,13.780,6.395,False,False,False,False
887,11.438,4.629,5.411,11.913,0.000,-5.411,27,10.661,8.284,4.693,11.829,2.789,6.395,9.492,13.780,6.395,False,False,False,False
888,11.374,4.928,5.290,11.913,0.000,-5.290,27,10.661,8.284,4.693,11.829,2.789,6.395,9.492,13.780,6.395,False,False,False,False
889,11.309,5.235,5.188,11.913,0.000,-5.188,27,10.661,8.284,4.693,11.829,2.789,6.395,9.492,13.780,6.395,False,False,False,False
890,11.244,5.541,5.086,11.913,0.000,-5.086,27,10.661,8.284,4.693,11.829,2.789,6.395,9.492,13.780,6.395,False,False,False,False
891,11.177,5.853,5.004,11.913,0.000,-5.004,27,10.661,8.284,4.693,11.829,2.789,6.395,9.492,13.780,6.395,False,False,False,False
892,11.111,6.166,4.927,11.913,0.000,-4.927,27,10.661,8.284,4.693,11.829,2.789,6.395,9.492,13.780,6.395,False,False,False,False
893,11.044,6.482,4.860,11.913,0.000,-4.860,27,10.661,8.284,4.693,11.829,2.789,6.395,9.492,13.780,6.395,False,False,False,False
894,10.976,6.800,4.808,11.913,0.000,-4.808,27,10.661,8.284,4.693,11.829,2.789,6.395,9.492,13.780,6.395,False,False,False,False
895,10.908,7.118,4.756,11.913,0.000,-4.756,27,10.661,8.284,4.693,11.829,2.789,6.395,9.492,13.780,6.395,False,False,False,False
896,10.840,7.440,4.730,11.913,0.000,-4.730,27,10.661,8.284,4.693,11.829,2.789,6.395,9.492,13.780,6.395,False,False,False,False
897,10.772,7.761,4.704,11.913,0.000,-4.704,27,10.661,8.284,4.693,11.829,2.789,6.395,9.492,13.780,6.395,False,False,False,False
898,10.703,8.083,4.693,11.913,0.000,-4.693,27,10.661,8.284,4.693,11.829,2.789,6.395,9.492,13.780,6.395,False,False,False,False
899,10.635,8.406,4.693,11.913,0.000,-4.693,27,10.661,8.284,4.693,11.829,2.789,6.395,9.492,13.780,6.395,False,False,False,False
900,10.566,8.728,4.698,11.913,0.000,-4.698,27,10.661,8.284,4.693,11.829,2.789,6.395,9.492,13.780,6.395,False,False,False,False
901,10.498,9.049,4.724,11.913,0.000,-4.724,27,10.661,8.284,4.693,11.829,2.789,6.395,9.492,13.780,6.395,False,False,False,False
902,10.430,9.371,4.750,11.913,0.000,-4.750,27,10.661,8.284,4.693,11.829,2.789,6.395,9.492,13.780,6.395,False,False,False,False
903,10.362,9.689,4.795,11.913,0.000,-4.795,27,10.661,8.284,4.693,11.829,2.789,6.395,9.492,13.780,6.395,False,False,False,False
904,10.294,10.007,4.847,11.913,0.000,-4.847,27,10.661,8.284,4.693,11.829,2.789,6.395,9.492,13.780,6.395,False,False,False,False
905,10.227,10.324,4.907,11.913,0.000,-4.907,27,10.661,8.284,4.693,11.829,2.789,6.395,9.492,13.780,6.395,False,False,False,False
906,10.160,10.637,4.985,11.913,0.000,-4.985,27,10.661,8.284,4.693,11.829,2.789,6.395,9.492,13.780,6.395,False,False,False,False
907,10.094,10.951,5.062,11.913,0.000,-5.062,27,10.661,8.284,4.693,11.829,2.789,6.395,9.492,13.780,6.395,False,False,False,False
908,10.029,11.257,5.162,11.913,0.000,-5.162,27,10.661,8.284,4.693,11.829,2.789,6.395,9.492,13.780,6.395,False,False,False,False
909,9.964,11.563,5.264,11.913,0.000,-5.264,27,10.661,8.284,4.693,11.829,2.789,6.395,9.492,13.780,6.395,False,False,False,False
910,9.900,11.865,5.379,11.913,0.000,-5.379,27,10.661,8.284,4.693,11.829,2.789,6.395,9.492,13.780,6.395,False,False,False,False
911,9.836,12.162,5.505,11.913,0.000,-5.505,27,10.661,8.284,4.693,11.829,2.789,6.395,9.492,13.780,6.395,False,False,False,False
912,9.773,12.459,5.634,11.913,0.000,-5.634,27,10.661,8.284,4.693,11.829,2.789,6.395,9.492,13.780,6.395,False,False,False,False
913,9.712,12.746,5.784,11.913,0.000,-5.784,27,10.661,8.284,4.693,11.829,2.789,6.395,9.492,13.780,6.395,False,False,False,False
914,9.651,13.033,5.934,11.913,0.000,-5.934,27,10.661,8.284,4.693,11.829,2.789,6.395,9.492,13.780,6.395,False,False,False,False
915,9.592,13.311,6.100,11.913,0.000,-6.100,27,10.661,8.284,4.693,11.829,2.789,6.395,9.492,13.780,6.395,False,False,False,False
916,0.000,0.000,0.000,0.000,0.000,0.000,0,0.000,0.000,0.000,0.000,0.000,0.000,0.000,0.000,0.000,False,False,True,False
917,1.000,0.000,0.000,0.000,0.000,0.000,0,0.000,0.000,0.000,0.000,0.000,0.000,0.000,0.000,0.000,False,True,False,False
918,0.000,0.000,1.000,0.000,0.000,0.000,0,0.000,0.000,0.000,0.000,0.000,0.000,0.000,0.000,0.000,False,False,False,True
919,0.000,1.000,0.000,0.000,0.000,0.000,0,0.000,0.000,0.000,0.000,0.000,0.000,0.000,0.000,0.000,True,False,False,False
